100 15524
200 51858
300 117275
400 218419
500 300286
600 455707
700 687351
800 811292
900 1103200
1000 1265225
1100 1538356
1200 1684108
1300 2189998
1400 2608182
1500 2982049
1600 3385667
1700 3735703
1800 4184191
1900 4388260
2000 5332924
2100 5435028
2200 6255578
2300 6911185
2400 7344378
2500 8311042
2600 8584345
2700 8871118
2800 10104602
2900 10500691
3000 11752686
3100 12442735
3200 12894649
3300 13938974
3400 14645587
3500 15742395
3600 16563861
3700 17887915
3800 18957023
3900 19213373
4000 20173525
4100 21212761
4200 22271414
4300 23694442
4400 23865640
4500 26490056
4600 27405295
4700 29717576
4800 29352805
4900 31086714
5000 32527291
5100 32595019
5200 35231373
5300 36625596
5400 36450450
5500 38627836
5600 41508253
5700 40726187
5800 43157630
5900 45398406
6000 45470839
6100 48678447
6200 49347207
6300 50511199
6400 53671589
6500 55162592
6600 55482603
6700 58705101
6800 58105667
6900 60075558
7000 63407141
7100 65311013
7200 65864690
7300 67995423
7400 70408643
7500 72079622
7600 73757408
7700 73657606
7800 77822075
7900 80574000
8000 82683971
8100 84182230
8200 88388695
8300 88127043
8400 89556116
8500 91998361
8600 96715280
8700 95948684
8800 97520183
8900 102362552
9000 103795481
9100 107226928
9200 108652425
9300 110502211
9400 114752085
9500 116722211
9600 119546894
9700 118639016
9800 122975423
9900 127619348
