100 7990.0
200 33566.5
300 75258.6
400 133171.5
500 223850.2
600 306171.4
700 423828.6
800 556601.0
900 714999.5
1000 849774.9
1100 1061809.9
1200 1229550.7
1300 1483194.2
1400 1663185.7
1500 1927179.4
1600 2160265.9
1700 2444120.8
1800 2749795.1
1900 3125989.9
2000 3416402.6
2100 3817914.1
2200 4114915.0
2300 4418071.0
2400 4907116.7
2500 5406056.0
2600 5768869.9
2700 6287522.9
2800 6700867.6
2900 7349165.5
3000 7829392.4
3100 8269743.6
3200 8944700.3
3300 9377486.3
3400 9923454.0
3500 1.03200461E7
3600 1.1173715E7
3700 1.17267503E7
3800 1.23352155E7
3900 1.32219296E7
4000 1.39311942E7
4100 1.44444676E7
4200 1.52753711E7
4300 1.56944677E7
4400 1.66142741E7
4500 1.74337044E7
4600 1.84266468E7
4700 1.8956662E7
4800 1.96089769E7
4900 2.08711888E7
5000 2.12743361E7
5100 2.22677611E7
5200 2.3690387E7
5300 2.44692676E7
5400 2.49409221E7
5500 2.58480242E7
5600 2.70082459E7
5700 2.7804766E7
5800 2.86593309E7
5900 2.99710499E7
6000 3.05835568E7
6100 3.20740675E7
6200 3.30477977E7
6300 3.44902701E7
6400 3.49081709E7
6500 3.61520488E7
6600 3.69418196E7
6700 3.87128335E7
6800 3.96329605E7
6900 4.10395914E7
7000 4.25685124E7
7100 4.33700392E7
7200 4.48304277E7
7300 4.57320793E7
7400 4.7061942E7
7500 4.87977938E7
7600 4.96007249E7
7700 5.07784027E7
7800 5.25358551E7
7900 5.27737773E7
8000 5.51029871E7
8100 5.63039554E7
8200 5.71136954E7
8300 5.94249669E7
8400 6.03017904E7
8500 6.13346509E7
8600 6.36476851E7
8700 6.5431999E7
8800 6.68596551E7
8900 6.76302231E7
9000 6.89054391E7
9100 7.07934595E7
9200 7.26615299E7
9300 7.45555117E7
9400 7.54153513E7
9500 7.75903668E7
9600 7.92329319E7
9700 8.01654211E7
9800 8.24400138E7
9900 8.26290986E7
10000 8.59090974E7
