100 8362.8
200 33715.86
300 77880.78
400 139214.04
500 212838.24
600 310976.02
700 423244.3
800 548219.48
900 686181.6
1000 856077.96
1100 1044108.8
1200 1219457.4
1300 1458651.2
1400 1689076.2
1500 1938124.32
1600 2192162.6
1700 2497931.38
1800 2786103.46
1900 3109028.9
2000 3430796.68
2100 3773385.5
2200 4146935.16
2300 4533719.92
2400 4966172.98
2500 5340261.18
2600 5813011.26
2700 6273051.76
2800 6723292.52
2900 7194815.34
3000 7728888.5
3100 8301737.06
3200 8734581.3
3300 9343569.84
3400 9942080.56
3500 1.05146122E7
3600 1.111628582E7
3700 1.170345688E7
3800 1.24671131E7
3900 1.307790844E7
4000 1.374667292E7
4100 1.44872014E7
4200 1.515502798E7
4300 1.590333554E7
4400 1.667586714E7
4500 1.742174916E7
4600 1.812056878E7
4700 1.90236871E7
4800 1.990638598E7
4900 2.068926782E7
5000 2.146676464E7
5100 2.238270502E7
5200 2.318560864E7
5300 2.390002976E7
5400 2.501472518E7
5500 2.58754655E7
5600 2.692744894E7
5700 2.809190358E7
5800 2.896938674E7
5900 3.009285018E7
6000 3.082824536E7
6100 3.18868556E7
6200 3.288469794E7
