1 2.8
2 5.1
3 13.8
4 17.3
5 28.2
6 42.2
7 50.3
8 116.2
9 129.8
10 122.9
11 143.3
12 162.5
13 199.8
14 240.0
15 261.4
16 317.8
17 330.4
18 421.5
19 456.5
20 555.0
21 546.2
22 579.9
23 529.2
24 765.8
25 697.2
26 869.1
27 986.2
28 1040.7
29 997.0
30 993.1
31 1200.2
32 1293.8
33 1204.7
34 1483.7
35 1405.9
36 1545.9
37 1691.0
38 1804.4
39 1941.4
40 2036.3
41 1998.8
42 2108.5
43 2322.5
44 2535.1
45 2573.0
46 2803.6
47 2930.2
48 2913.7
49 3080.5
50 3160.6
51 3447.0
52 3827.0
53 3420.4
54 3517.6
55 3871.2
56 4013.8
57 4202.8
58 3946.0
59 4593.9
60 4093.3
61 4632.1
62 5021.4
63 5077.8
64 5238.4
65 5591.2
66 5227.7
67 6062.9
68 5184.6
69 6061.0
70 5945.1
71 6092.8
72 6264.8
73 6828.9
74 6815.1
75 7324.4
76 6838.7
77 7563.1
78 7824.8
79 8038.3
80 7712.7
81 8140.5
82 7739.0
83 8873.7
84 9637.7
85 9159.7
86 9535.1
87 8910.6
88 9444.5
89 9230.5
90 10424.9
91 10212.3
92 10311.0
93 10425.1
94 11339.0
95 11895.6
96 11569.0
97 11021.3
98 11600.0
99 11971.1
100 12142.6
