10 139.7
20 506.8
30 1092.7
40 2047.2
50 2863.2
60 4747.9
70 6111.5
80 8398.1
90 9954.6
100 11901.2
110 14956.6
120 17810.4
130 21145.8
140 24960.9
150 27488.9
160 31008.4
170 36178.0
180 40910.1
190 42005.2
200 50798.0
210 54910.1
220 59408.8
230 62696.4
240 67952.2
250 81084.4
260 84500.0
270 86933.0
280 96814.8
290 105826.7
300 118556.8
310 116463.2
320 126136.4
330 136734.5
340 140415.8
350 153952.3
360 156182.8
370 172223.7
380 179027.9
390 183229.9
400 192062.7
410 206718.9
420 222328.5
430 225354.7
440 234838.9
450 249356.6
460 260004.3
470 265134.3
480 283876.0
490 290100.5
500 315321.6
510 323430.6
520 332477.7
530 349366.2
540 357725.7
550 380167.7
560 389117.5
570 405860.0
580 414150.2
590 440260.8
600 440352.5
610 462917.4
620 475891.3
630 481188.0
640 509393.3
650 522433.3
660 546288.1
670 555355.3
680 555307.9
690 599362.2
700 621241.1
710 630946.8
720 645368.7
730 639260.5
740 665792.2
750 718417.7
760 724051.7
770 729458.6
780 748816.3
790 766015.2
800 781014.6
810 810788.6
820 846800.1
830 861556.2
840 869573.5
850 915067.5
860 902952.7
870 949547.6
880 965507.1
890 978940.0
