100 1211
200 2683
300 4198
400 6369
500 8143
600 10090
700 11560
800 13590
900 16133
1000 17920
1100 20718
1200 22001
1300 24573
1400 26269
1500 29088
1600 30893
1700 33636
1800 35637
1900 38159
2000 38987
2100 42340
2200 44417
2300 44776
2400 47733
2500 51446
2600 52097
2700 55709
2800 55664
2900 60839
3000 64013
3100 66272
3200 68102
3300 69489
3400 71935
3500 71702
3600 76862
3700 83438
3800 80762
3900 84053
4000 87652
4100 91410
4200 91224
4300 91163
4400 95168
4500 101370
4600 104836
4700 106493
4800 106898
4900 113684
5000 114546
5100 111657
5200 119561
5300 117961
5400 123062
5500 122972
5600 124846
5700 131445
5800 134176
5900 139254
6000 130557
6100 135504
6200 138142
6300 149381
6400 146253
6500 145970
6600 153055
6700 153364
6800 157789
6900 152683
7000 165427
7100 166828
7200 170065
7300 172939
7400 170172
7500 178178
7600 172941
7700 178784
7800 185199
7900 186832
8000 193180
8100 192990
8200 191071
8300 202066
8400 203891
8500 210310
8600 209682
8700 210689
8800 201752
8900 207635
9000 214285
9100 214115
9200 233192
9300 227779
9400 224571
9500 237725
9600 227427
9700 230059
9800 236013
9900 224580
