1000 17548
2000 39982
3000 64080
4000 87023
5000 109566
6000 139989
7000 164488
8000 185156
9000 216997
10000 239139
11000 265458
12000 295224
13000 328821
14000 362098
15000 387148
16000 404352
17000 435266
18000 469689
19000 504575
20000 521833
21000 541709
22000 570415
23000 611069
24000 626035
25000 681313
26000 700730
27000 721263
28000 757115
29000 794700
30000 838404
31000 851088
32000 860436
33000 889912
34000 933326
35000 958483
36000 982932
37000 1052941
38000 1027263
39000 1084624
40000 1153076
41000 1136131
42000 1200036
43000 1182881
44000 1227698
45000 1287041
46000 1319439
47000 1338940
48000 1381228
49000 1405530
50000 1468840
51000 1512881
52000 1437029
53000 1525526
54000 1561087
55000 1597135
56000 1574329
57000 1628628
58000 1667868
59000 1718362
60000 1661005
61000 1792445
62000 1847431
63000 1844009
64000 1911543
65000 1942714
66000 1916105
67000 1907859
68000 1994333
69000 2009993
70000 2098156
71000 2089053
72000 2162142
73000 2191519
74000 2234828
75000 2207484
76000 2264173
77000 2227294
78000 2295651
79000 2326965
80000 2364972
81000 2376811
82000 2489847
83000 2408634
84000 2601355
85000 2536261
86000 2597408
87000 2682743
88000 2608735
89000 2652398
90000 2780314
91000 2652211
92000 2810209
93000 2830785
94000 2841594
95000 2883132
96000 2905610
97000 2959546
98000 2992014
99000 2958405
