10 35.0
20 64.0
30 96.0
40 167.0
50 204.0
60 283.0
70 291.0
80 361.0
90 417.0
100 559.0
110 546.0
120 623.0
130 734.0
140 718.0
150 762.0
160 808.0
170 994.0
180 1033.0
190 1198.0
200 1283.0
210 1098.0
220 1298.0
230 1567.0
240 1194.0
250 1604.0
260 1656.0
270 1578.0
280 1720.0
290 1925.0
300 1886.0
310 1804.0
320 1978.0
330 2198.0
340 1913.0
350 2324.0
360 2113.0
370 2219.0
380 2515.0
390 2530.0
400 2596.0
410 2639.0
420 2524.0
430 3291.0
440 2933.0
450 2712.0
460 2738.0
470 3352.0
480 3109.0
490 3237.0
500 3280.0
510 3308.0
520 3426.0
530 3932.0
540 3325.0
550 3661.0
560 3954.0
570 4159.0
580 3980.0
590 4316.0
600 3949.0
610 4003.0
620 4042.0
630 4184.0
640 4003.0
650 4930.0
660 5006.0
670 4425.0
680 5057.0
690 4348.0
700 4583.0
710 4589.0
720 4916.0
730 5759.0
740 4986.0
750 4945.0
760 5777.0
770 5765.0
780 4899.0
790 4956.0
800 4991.0
810 5730.0
820 6299.0
830 6434.0
840 5747.0
850 6495.0
860 6012.0
870 6353.0
880 6825.0
890 5985.0
900 6503.0
910 5656.0
920 6938.0
930 6213.0
940 6590.0
950 7247.0
960 7151.0
970 6609.0
980 6812.0
990 6891.0
1000 6700.0
1010 7052.0
1020 7563.0
1030 6752.0
1040 7974.0
1050 7749.0
1060 6964.0
1070 8054.0
1080 9872.0
1090 7511.0
1100 8365.0
1110 7212.0
1120 8096.0
1130 8534.0
1140 8282.0
1150 7947.0
1160 10266.0
1170 8098.0
1180 8410.0
1190 10056.0
1200 9118.0
1210 9297.0
1220 8635.0
1230 8900.0
1240 9324.0
1250 9456.0
1260 8707.0
1270 10374.0
1280 9488.0
1290 9452.0
1300 10346.0
1310 9797.0
1320 9317.0
1330 9387.0
1340 9888.0
1350 9551.0
1360 10413.0
1370 9681.0
1380 8785.0
1390 11326.0
1400 10593.0
1410 10676.0
1420 11030.0
1430 11026.0
1440 11819.0
1450 11836.0
1460 11019.0
1470 11672.0
1480 11445.0
1490 12519.0
1500 12931.0
1510 10821.0
1520 12164.0
1530 12417.0
1540 12036.0
1550 11853.0
1560 11711.0
1570 12761.0
1580 12508.0
1590 12987.0
1600 12247.0
1610 12619.0
1620 11864.0
1630 12348.0
1640 12796.0
1650 12057.0
1660 12766.0
1670 14474.0
1680 13753.0
1690 14113.0
1700 13433.0
1710 13977.0
1720 14349.0
1730 13030.0
1740 13234.0
1750 15618.0
1760 12530.0
1770 14355.0
1780 14525.0
1790 13780.0
1800 15586.0
1810 14013.0
1820 14364.0
1830 13265.0
1840 15520.0
1850 14924.0
1860 16724.0
1870 15788.0
1880 14120.0
1890 16995.0
1900 14802.0
1910 16631.0
1920 16707.0
1930 16896.0
1940 15499.0
1950 15188.0
1960 15079.0
1970 16596.0
1980 17083.0
1990 14860.0
2000 16605.0
2010 15526.0
2020 18988.0
2030 16845.0
2040 15659.0
2050 16603.0
2060 15020.0
2070 15998.0
2080 17936.0
2090 17491.0
2100 16819.0
2110 17825.0
2120 17255.0
2130 16673.0
2140 16368.0
2150 16217.0
2160 17788.0
2170 16966.0
2180 17547.0
2190 17012.0
2200 16868.0
2210 18020.0
2220 17878.0
2230 17619.0
2240 16719.0
2250 18579.0
2260 16322.0
2270 18221.0
2280 18580.0
2290 19151.0
2300 18523.0
2310 19365.0
2320 18183.0
2330 18539.0
2340 19545.0
2350 18429.0
2360 21031.0
2370 17637.0
2380 18334.0
2390 19324.0
2400 18313.0
2410 18517.0
2420 18488.0
2430 19464.0
2440 19496.0
2450 20414.0
2460 20716.0
2470 19222.0
2480 21673.0
2490 23954.0
2500 19657.0
2510 19846.0
2520 23436.0
2530 18583.0
2540 21104.0
2550 20183.0
2560 21299.0
2570 21313.0
2580 23383.0
2590 21546.0
2600 24701.0
2610 21207.0
2620 20308.0
2630 21643.0
2640 20571.0
2650 23392.0
2660 20053.0
2670 24161.0
2680 22167.0
2690 27329.0
2700 22792.0
2710 22281.0
2720 20581.0
2730 23082.0
2740 24070.0
2750 23372.0
2760 24308.0
2770 22377.0
2780 22879.0
2790 23317.0
2800 23471.0
2810 23203.0
2820 25120.0
2830 23956.0
2840 25612.0
2850 24502.0
2860 24462.0
2870 24640.0
2880 22597.0
2890 23979.0
2900 21876.0
2910 23828.0
2920 25564.0
2930 23857.0
2940 24201.0
2950 28748.0
2960 22478.0
2970 21693.0
2980 25382.0
2990 26920.0
3000 23896.0
3010 26347.0
3020 24950.0
3030 25941.0
3040 25507.0
3050 25195.0
3060 24758.0
3070 24920.0
3080 26944.0
3090 25662.0
3100 27175.0
3110 26939.0
3120 25065.0
3130 27215.0
3140 26525.0
3150 27975.0
3160 26374.0
3170 26831.0
3180 25163.0
3190 25349.0
3200 28103.0
3210 24884.0
3220 26146.0
3230 30612.0
3240 26250.0
3250 27058.0
3260 25488.0
3270 26065.0
3280 26623.0
3290 27168.0
3300 29884.0
3310 30565.0
3320 31504.0
3330 25512.0
3340 28655.0
3350 27917.0
3360 26747.0
3370 29686.0
3380 28095.0
3390 29683.0
3400 28455.0
3410 28235.0
3420 27232.0
3430 29480.0
3440 28739.0
3450 35384.0
3460 29260.0
3470 30559.0
3480 30940.0
3490 29669.0
3500 29253.0
3510 28469.0
3520 30387.0
3530 26932.0
3540 30278.0
3550 31718.0
3560 30925.0
3570 29362.0
3580 31902.0
3590 30719.0
3600 29088.0
3610 30903.0
3620 32383.0
3630 33027.0
3640 30859.0
3650 31463.0
3660 31143.0
3670 31177.0
3680 29799.0
3690 35714.0
3700 32201.0
3710 32587.0
3720 32310.0
3730 32310.0
3740 34937.0
3750 31497.0
3760 33390.0
3770 30385.0
3780 33370.0
3790 30709.0
3800 37007.0
3810 35263.0
3820 34098.0
3830 33601.0
3840 31244.0
3850 33016.0
3860 35259.0
3870 34183.0
3880 34163.0
3890 33989.0
3900 37219.0
3910 31353.0
3920 32595.0
3930 32668.0
3940 35708.0
3950 35676.0
3960 33099.0
3970 31562.0
3980 33612.0
3990 33738.0
4000 34678.0
4010 34544.0
4020 33416.0
4030 34106.0
4040 33814.0
4050 33811.0
4060 36893.0
4070 37224.0
4080 37026.0
4090 36159.0
4100 35224.0
4110 36589.0
4120 38630.0
4130 37939.0
4140 35441.0
4150 37717.0
4160 36025.0
4170 36811.0
4180 36371.0
4190 45563.0
4200 37497.0
4210 34058.0
4220 33965.0
4230 38054.0
4240 36265.0
4250 39805.0
4260 34299.0
4270 37320.0
4280 40462.0
4290 37913.0
4300 36599.0
4310 37678.0
4320 40638.0
4330 40393.0
4340 37049.0
4350 36733.0
4360 36356.0
4370 37928.0
4380 35605.0
4390 36361.0
4400 38543.0
4410 37940.0
4420 36243.0
4430 41532.0
4440 39484.0
4450 44726.0
4460 41132.0
4470 36969.0
4480 38080.0
4490 38840.0
4500 36669.0
4510 41003.0
4520 43217.0
4530 40762.0
4540 46958.0
4550 42687.0
4560 39171.0
4570 41499.0
4580 41971.0
4590 39985.0
4600 41788.0
4610 42093.0
4620 41592.0
4630 38925.0
4640 38668.0
4650 43692.0
4660 44089.0
4670 40253.0
4680 50292.0
4690 36834.0
4700 41018.0
4710 37539.0
4720 41105.0
4730 45604.0
4740 43342.0
4750 41704.0
4760 44272.0
4770 41661.0
4780 46259.0
4790 37904.0
4800 41785.0
4810 39251.0
4820 40974.0
4830 41486.0
4840 43933.0
4850 43453.0
4860 44675.0
4870 40534.0
4880 45880.0
4890 45371.0
4900 47020.0
4910 47826.0
4920 43780.0
4930 42999.0
4940 46391.0
4950 46318.0
4960 42728.0
4970 43548.0
4980 45597.0
4990 42990.0
5000 48625.0
5010 41187.0
5020 48785.0
5030 48135.0
5040 47385.0
5050 42748.0
5060 48027.0
5070 43705.0
5080 44326.0
5090 46838.0
5100 46680.0
5110 40858.0
5120 44997.0
5130 47131.0
5140 41539.0
5150 45712.0
5160 48110.0
5170 49746.0
5180 45237.0
5190 46458.0
5200 43988.0
5210 47307.0
5220 47095.0
5230 44848.0
5240 46909.0
5250 46036.0
5260 47200.0
5270 43575.0
5280 45597.0
5290 47053.0
5300 48787.0
5310 47011.0
5320 49577.0
5330 45633.0
5340 41120.0
5350 44108.0
5360 46304.0
5370 51920.0
5380 50671.0
5390 54494.0
5400 49811.0
5410 45929.0
5420 52065.0
5430 49061.0
5440 51305.0
5450 49314.0
5460 47930.0
5470 55853.0
5480 48372.0
5490 50869.0
5500 46531.0
5510 46579.0
5520 51749.0
5530 50183.0
5540 50001.0
5550 50886.0
5560 56635.0
5570 49268.0
5580 51801.0
5590 51733.0
5600 48473.0
5610 50004.0
5620 50453.0
5630 48421.0
5640 57118.0
5650 52847.0
5660 55320.0
5670 49047.0
5680 49642.0
5690 50455.0
5700 52856.0
5710 49650.0
5720 49008.0
5730 55481.0
5740 54093.0
5750 54380.0
5760 55678.0
5770 50221.0
5780 53476.0
5790 50409.0
5800 55842.0
5810 50347.0
5820 55006.0
5830 53562.0
5840 50162.0
5850 53335.0
5860 53038.0
5870 53309.0
5880 54465.0
5890 53170.0
5900 52912.0
5910 53693.0
5920 51226.0
5930 54260.0
5940 52354.0
5950 58220.0
5960 56529.0
5970 59113.0
5980 53421.0
5990 55228.0
6000 55836.0
6010 51696.0
6020 55902.0
6030 52687.0
6040 52283.0
6050 57211.0
6060 52043.0
6070 58110.0
6080 52984.0
6090 54291.0
6100 57635.0
6110 57373.0
6120 51857.0
6130 58284.0
6140 54232.0
6150 58322.0
6160 52516.0
6170 55821.0
6180 52546.0
6190 54532.0
6200 56605.0
6210 60600.0
6220 54380.0
6230 56599.0
6240 53570.0
6250 58909.0
6260 59563.0
6270 56759.0
6280 59494.0
6290 58442.0
6300 52743.0
6310 53000.0
6320 57234.0
6330 58111.0
6340 61111.0
6350 57194.0
6360 59707.0
6370 58718.0
6380 62423.0
6390 55058.0
6400 60739.0
6410 61537.0
6420 58895.0
6430 56434.0
6440 56411.0
6450 60808.0
6460 61494.0
6470 59363.0
6480 64193.0
6490 58953.0
6500 57103.0
6510 62275.0
6520 62524.0
6530 56777.0
6540 56166.0
6550 60479.0
6560 59213.0
6570 61235.0
6580 60132.0
6590 55678.0
6600 63399.0
6610 59452.0
6620 63198.0
6630 60660.0
6640 60566.0
6650 61829.0
6660 61141.0
6670 57824.0
6680 61286.0
6690 60836.0
6700 60172.0
6710 60415.0
6720 61415.0
6730 60215.0
6740 59953.0
6750 57937.0
6760 66836.0
6770 66977.0
6780 61325.0
6790 62541.0
6800 62339.0
6810 62853.0
6820 59790.0
6830 65840.0
6840 64598.0
6850 64514.0
6860 63782.0
6870 63916.0
6880 62530.0
6890 64027.0
6900 67192.0
6910 66729.0
6920 70290.0
6930 62666.0
6940 60823.0
6950 56020.0
6960 65575.0
6970 70188.0
6980 65633.0
6990 60012.0
7000 66241.0
7010 67347.0
7020 66210.0
7030 64367.0
7040 70686.0
7050 65586.0
7060 68555.0
7070 62804.0
7080 68090.0
7090 60413.0
7100 62054.0
7110 67713.0
7120 64731.0
7130 68464.0
7140 65127.0
7150 61534.0
7160 65571.0
7170 62498.0
7180 66747.0
7190 63697.0
7200 65368.0
7210 69221.0
7220 67005.0
7230 74332.0
7240 64596.0
7250 65311.0
7260 69901.0
7270 71703.0
7280 66476.0
7290 70073.0
7300 66094.0
7310 62393.0
7320 66656.0
7330 67884.0
7340 65303.0
7350 72189.0
7360 69394.0
7370 68272.0
7380 67350.0
7390 71757.0
7400 64640.0
7410 68182.0
7420 68683.0
7430 64618.0
7440 69042.0
7450 66650.0
7460 67067.0
7470 72165.0
7480 63872.0
7490 64853.0
7500 68677.0
7510 70129.0
7520 76194.0
7530 72466.0
7540 72042.0
7550 76100.0
7560 70292.0
7570 68390.0
7580 65700.0
7590 72040.0
7600 72264.0
7610 65022.0
7620 82335.0
7630 67299.0
7640 71045.0
7650 68166.0
7660 71365.0
7670 70206.0
7680 73068.0
7690 67795.0
7700 75260.0
7710 84375.0
7720 71369.0
7730 71967.0
7740 68810.0
7750 72708.0
7760 67001.0
7770 74031.0
7780 71685.0
7790 66867.0
7800 72302.0
7810 74247.0
7820 74991.0
7830 76020.0
7840 78519.0
7850 72740.0
7860 76756.0
7870 78535.0
7880 73714.0
7890 72717.0
7900 75810.0
7910 78695.0
7920 72381.0
7930 71666.0
7940 74779.0
7950 74323.0
7960 71061.0
7970 72612.0
7980 79001.0
7990 72596.0
8000 71024.0
8010 76589.0
8020 72813.0
8030 71003.0
8040 75531.0
8050 73610.0
8060 74585.0
8070 71065.0
8080 74244.0
8090 69796.0
8100 80579.0
8110 77573.0
8120 73919.0
8130 77620.0
8140 79396.0
8150 73091.0
8160 73566.0
8170 75128.0
8180 73525.0
8190 77656.0
8200 77155.0
8210 73466.0
8220 77868.0
8230 76095.0
8240 76221.0
8250 78877.0
8260 74420.0
8270 80713.0
8280 78524.0
8290 76200.0
8300 80701.0
8310 78204.0
8320 75577.0
8330 78920.0
8340 81039.0
8350 78621.0
8360 74874.0
8370 84692.0
8380 77551.0
8390 74951.0
8400 87531.0
8410 78136.0
8420 77251.0
8430 77157.0
8440 75650.0
8450 76996.0
8460 79803.0
8470 75922.0
8480 85120.0
8490 82583.0
8500 79591.0
8510 79366.0
8520 82013.0
8530 72857.0
8540 77213.0
8550 74260.0
8560 82327.0
8570 78789.0
8580 86645.0
8590 79484.0
8600 86684.0
8610 74974.0
8620 81157.0
8630 85241.0
8640 79117.0
8650 78867.0
8660 77121.0
8670 81690.0
8680 87977.0
8690 88756.0
8700 79506.0
8710 88774.0
8720 102641.0
8730 89119.0
8740 87435.0
8750 88512.0
8760 80956.0
8770 83509.0
8780 83982.0
8790 78324.0
8800 84953.0
8810 96599.0
8820 89045.0
8830 85430.0
8840 83387.0
8850 79719.0
8860 91212.0
8870 87575.0
8880 83674.0
8890 88999.0
8900 84481.0
8910 77924.0
8920 80219.0
8930 78899.0
8940 80387.0
8950 89998.0
8960 84364.0
8970 80050.0
8980 85555.0
8990 85044.0
9000 84809.0
9010 86596.0
9020 87996.0
9030 90427.0
9040 88773.0
9050 88420.0
9060 89449.0
9070 88984.0
9080 89472.0
9090 89438.0
9100 87710.0
9110 82711.0
9120 84536.0
9130 84886.0
9140 98782.0
9150 84810.0
9160 88858.0
9170 85809.0
9180 94410.0
9190 87521.0
9200 91994.0
9210 90268.0
9220 81989.0
9230 93838.0
9240 92452.0
9250 92545.0
9260 79322.0
9270 82743.0
9280 93494.0
9290 84176.0
9300 89241.0
9310 87470.0
9320 89203.0
9330 95411.0
9340 89437.0
9350 84158.0
9360 91237.0
9370 84433.0
9380 93691.0
9390 88274.0
9400 91045.0
9410 80956.0
9420 91203.0
9430 95217.0
9440 87100.0
9450 94097.0
9460 89312.0
9470 82303.0
9480 98049.0
9490 89931.0
9500 97434.0
9510 91054.0
9520 89466.0
9530 92802.0
9540 95590.0
9550 92621.0
9560 93655.0
9570 84025.0
9580 91096.0
9590 88286.0
9600 87049.0
9610 90181.0
9620 86145.0
9630 88039.0
9640 100815.0
9650 93208.0
9660 90862.0
9670 97485.0
9680 93018.0
9690 89552.0
9700 101434.0
9710 91587.0
9720 95388.0
9730 91015.0
9740 90142.0
9750 105232.0
9760 96404.0
9770 85256.0
9780 90783.0
9790 91983.0
9800 96815.0
9810 87056.0
9820 92281.0
9830 105451.0
9840 97157.0
9850 92831.0
9860 87492.0
9870 98705.0
9880 92601.0
9890 93287.0
9900 99547.0
9910 91526.0
9920 89714.0
9930 103350.0
9940 93498.0
9950 91450.0
9960 96608.0
9970 95125.0
9980 93885.0
9990 99034.0
10000 91526.0
10010 90062.0
10020 95808.0
10030 94688.0
10040 98546.0
10050 97588.0
10060 100596.0
10070 103916.0
10080 95706.0
10090 90553.0
10100 98137.0
10110 95201.0
10120 105960.0
10130 105523.0
10140 99928.0
10150 94226.0
10160 105877.0
10170 101950.0
10180 89348.0
10190 89837.0
10200 101122.0
10210 93076.0
10220 99292.0
10230 108444.0
10240 93929.0
10250 96432.0
10260 104205.0
10270 104231.0
10280 99170.0
10290 97377.0
10300 94714.0
10310 100095.0
10320 101318.0
10330 99132.0
10340 96532.0
10350 95896.0
10360 100289.0
10370 95296.0
10380 99986.0
10390 99767.0
10400 113539.0
10410 102882.0
10420 105985.0
10430 92054.0
10440 99008.0
10450 100824.0
10460 100131.0
10470 99271.0
10480 100050.0
10490 89710.0
10500 99517.0
10510 104364.0
10520 105879.0
10530 102248.0
10540 102645.0
10550 100029.0
10560 113426.0
10570 99486.0
10580 101638.0
10590 99601.0
10600 96154.0
10610 97004.0
10620 103655.0
10630 111051.0
10640 94140.0
10650 101065.0
10660 101082.0
10670 103517.0
10680 99141.0
10690 105635.0
10700 102759.0
10710 108629.0
10720 102304.0
10730 98427.0
10740 105055.0
10750 107979.0
10760 98285.0
10770 111288.0
10780 108217.0
10790 103073.0
10800 99620.0
10810 101995.0
10820 104513.0
10830 107033.0
10840 100209.0
10850 98753.0
10860 103537.0
10870 102458.0
10880 112761.0
10890 105446.0
10900 101344.0
10910 108065.0
10920 104403.0
10930 105044.0
10940 101012.0
10950 102924.0
10960 109280.0
10970 109559.0
10980 105317.0
10990 108062.0
11000 104777.0
11010 107707.0
11020 105917.0
11030 103254.0
11040 106061.0
11050 109032.0
11060 106509.0
11070 105397.0
11080 106820.0
11090 102323.0
11100 116458.0
11110 97925.0
11120 104027.0
11130 111125.0
11140 108724.0
11150 104696.0
11160 117247.0
11170 106026.0
11180 106504.0
11190 110778.0
11200 105567.0
11210 104497.0
11220 119482.0
11230 107402.0
11240 105071.0
11250 97613.0
11260 109817.0
11270 116179.0
11280 115378.0
11290 114246.0
11300 108374.0
11310 108727.0
11320 114567.0
11330 110874.0
11340 109460.0
11350 100946.0
11360 111377.0
11370 113884.0
11380 105941.0
11390 107041.0
11400 103343.0
11410 108224.0
11420 113051.0
11430 104213.0
11440 110017.0
11450 122494.0
11460 115181.0
11470 110945.0
11480 108211.0
11490 117829.0
11500 114634.0
11510 113754.0
11520 118371.0
11530 107758.0
11540 110014.0
11550 110360.0
11560 116638.0
11570 116399.0
11580 109992.0
11590 98512.0
11600 107940.0
11610 107097.0
11620 106716.0
11630 107066.0
11640 121442.0
11650 113959.0
11660 109804.0
11670 106442.0
11680 117908.0
11690 116922.0
11700 120724.0
11710 114534.0
11720 112752.0
11730 120781.0
11740 111980.0
11750 109446.0
11760 121095.0
11770 116868.0
11780 118719.0
11790 115831.0
11800 114010.0
11810 106022.0
11820 116165.0
11830 114852.0
11840 118977.0
11850 115807.0
11860 119451.0
11870 121460.0
11880 113121.0
11890 124685.0
11900 122148.0
11910 111102.0
11920 109786.0
11930 111851.0
11940 113808.0
11950 107771.0
11960 113896.0
11970 115138.0
11980 112119.0
11990 109956.0
12000 121777.0
12010 123010.0
12020 112764.0
12030 118175.0
12040 121876.0
12050 123416.0
12060 125119.0
12070 122841.0
12080 127598.0
12090 120456.0
12100 125599.0
12110 117016.0
12120 125154.0
12130 125231.0
12140 116978.0
12150 116969.0
12160 124260.0
12170 116991.0
12180 119299.0
12190 119859.0
12200 119038.0
12210 115269.0
12220 120014.0
12230 121232.0
12240 115014.0
12250 124517.0
12260 126141.0
12270 126879.0
12280 116820.0
12290 122793.0
12300 117290.0
12310 112819.0
12320 122406.0
12330 114378.0
12340 118897.0
12350 121784.0
12360 130450.0
12370 122535.0
12380 114364.0
12390 117763.0
12400 124216.0
12410 111808.0
12420 115724.0
12430 117267.0
12440 122324.0
12450 127478.0
12460 122049.0
12470 119033.0
12480 113250.0
12490 127160.0
12500 116387.0
12510 130943.0
12520 121140.0
12530 127213.0
12540 122687.0
12550 127758.0
12560 121092.0
12570 120990.0
12580 131662.0
12590 122392.0
12600 121541.0
12610 122753.0
12620 122335.0
12630 119164.0
12640 121570.0
12650 127068.0
12660 126303.0
12670 124888.0
12680 119577.0
12690 131881.0
12700 120521.0
12710 112451.0
12720 133276.0
12730 115674.0
12740 123035.0
12750 130981.0
12760 128033.0
12770 129355.0
12780 117274.0
12790 121669.0
12800 115269.0
12810 119118.0
12820 119873.0
12830 130992.0
12840 129076.0
12850 117359.0
12860 127580.0
12870 119139.0
12880 133035.0
12890 130395.0
12900 117829.0
12910 124546.0
12920 143266.0
12930 123160.0
12940 120620.0
12950 145080.0
12960 120886.0
12970 134206.0
12980 131003.0
12990 130088.0
13000 131553.0
13010 128268.0
13020 112841.0
13030 126435.0
13040 146573.0
13050 129243.0
13060 124693.0
13070 132755.0
13080 127766.0
13090 134713.0
13100 135870.0
13110 129283.0
13120 125616.0
13130 126512.0
13140 131545.0
13150 120706.0
13160 122724.0
13170 131691.0
13180 141407.0
13190 137042.0
13200 131277.0
13210 124290.0
13220 131086.0
13230 123379.0
13240 125276.0
13250 130163.0
13260 134248.0
13270 139303.0
13280 128060.0
13290 137349.0
13300 115817.0
13310 128654.0
13320 130485.0
13330 126831.0
13340 137297.0
13350 133489.0
13360 142232.0
13370 139672.0
13380 129244.0
13390 132609.0
13400 136156.0
13410 128831.0
13420 134102.0
13430 125199.0
13440 134252.0
13450 134278.0
13460 146774.0
13470 135104.0
13480 125407.0
13490 136413.0
13500 133203.0
13510 126738.0
13520 140272.0
13530 128764.0
13540 142889.0
13550 126083.0
13560 130920.0
13570 139092.0
13580 137394.0
13590 132940.0
13600 135159.0
13610 138952.0
13620 148576.0
13630 141836.0
13640 147827.0
13650 133498.0
13660 139813.0
13670 135144.0
13680 138977.0
13690 144649.0
13700 137034.0
13710 136573.0
13720 136397.0
13730 146268.0
13740 133199.0
13750 148983.0
13760 149719.0
13770 136274.0
13780 147540.0
13790 128335.0
13800 155933.0
13810 134855.0
13820 143287.0
13830 154849.0
13840 133799.0
13850 133443.0
13860 128942.0
13870 139966.0
13880 129131.0
13890 144736.0
13900 142633.0
13910 136569.0
13920 142885.0
13930 131297.0
13940 142382.0
13950 138745.0
13960 143531.0
13970 140513.0
13980 138158.0
13990 134919.0
14000 136684.0
14010 138661.0
14020 136643.0
14030 139898.0
14040 134112.0
14050 158409.0
14060 141470.0
14070 150944.0
14080 142117.0
14090 139360.0
14100 135425.0
14110 139855.0
14120 148298.0
14130 150461.0
14140 141365.0
14150 149570.0
14160 139364.0
14170 148635.0
14180 145539.0
14190 159634.0
14200 148278.0
14210 149317.0
14220 142106.0
14230 133574.0
14240 141774.0
14250 136521.0
14260 140716.0
14270 140677.0
14280 138604.0
14290 136005.0
14300 139066.0
14310 142202.0
14320 130251.0
14330 137297.0
14340 150033.0
14350 135921.0
14360 136085.0
14370 142734.0
14380 140941.0
14390 144589.0
14400 146338.0
14410 153279.0
14420 154520.0
14430 143149.0
14440 127947.0
14450 143547.0
14460 141634.0
14470 155383.0
14480 149636.0
14490 148747.0
14500 129816.0
14510 151037.0
14520 134075.0
14530 148616.0
14540 146167.0
14550 151195.0
14560 133178.0
14570 142969.0
14580 148287.0
14590 133938.0
14600 144063.0
14610 146880.0
14620 149073.0
14630 161519.0
14640 148654.0
14650 151984.0
14660 139237.0
14670 147891.0
14680 137454.0
14690 134427.0
14700 130224.0
14710 138114.0
14720 151584.0
14730 153609.0
14740 148713.0
14750 157799.0
14760 149327.0
14770 148438.0
14780 135340.0
14790 151824.0
14800 155918.0
14810 140615.0
14820 153938.0
14830 144878.0
14840 144651.0
14850 148966.0
14860 143479.0
14870 151013.0
14880 146199.0
14890 144893.0
14900 152605.0
14910 151554.0
14920 151534.0
14930 139957.0
14940 149367.0
14950 141568.0
14960 148889.0
14970 152630.0
14980 135732.0
14990 151722.0
15000 138751.0
15010 155925.0
15020 153844.0
15030 153889.0
15040 157452.0
15050 154774.0
15060 152382.0
15070 147206.0
15080 137516.0
15090 157369.0
15100 179928.0
15110 152359.0
15120 150869.0
15130 158961.0
15140 151702.0
15150 162177.0
15160 148664.0
15170 144193.0
15180 149516.0
15190 155714.0
15200 155227.0
15210 149027.0
15220 156450.0
15230 151051.0
15240 145192.0
15250 136736.0
15260 151489.0
15270 158820.0
15280 142176.0
15290 154520.0
15300 154748.0
15310 159700.0
15320 154245.0
15330 166740.0
15340 141940.0
15350 153631.0
15360 157876.0
15370 159063.0
15380 162457.0
15390 153033.0
15400 156818.0
15410 152235.0
15420 160250.0
15430 161128.0
15440 145941.0
15450 154768.0
15460 158248.0
15470 152323.0
15480 151120.0
15490 172562.0
15500 159172.0
15510 167373.0
15520 152918.0
15530 169334.0
15540 138277.0
15550 151485.0
15560 153826.0
15570 160362.0
15580 148273.0
15590 155533.0
15600 160163.0
15610 154525.0
15620 162414.0
15630 167172.0
15640 164977.0
15650 149456.0
15660 157276.0
15670 155835.0
15680 163362.0
15690 157429.0
15700 162704.0
15710 158898.0
15720 154293.0
15730 169568.0
15740 155808.0
15750 161813.0
15760 156051.0
15770 156921.0
15780 150596.0
15790 147918.0
15800 163701.0
15810 154882.0
15820 163773.0
15830 150127.0
15840 154206.0
15850 168770.0
15860 171448.0
15870 156129.0
15880 151636.0
15890 154484.0
15900 152855.0
15910 169248.0
15920 156319.0
15930 148633.0
15940 173487.0
15950 158392.0
15960 164512.0
15970 160840.0
15980 167144.0
15990 173959.0
16000 151744.0
16010 158864.0
16020 162654.0
16030 168043.0
16040 164215.0
16050 154845.0
16060 154719.0
16070 157304.0
16080 166425.0
16090 155667.0
16100 150988.0
16110 157594.0
16120 178227.0
16130 167754.0
16140 169454.0
16150 164831.0
16160 156869.0
16170 166470.0
16180 159845.0
16190 163755.0
16200 159706.0
16210 153510.0
16220 181833.0
16230 167279.0
16240 163407.0
16250 164667.0
16260 160480.0
16270 157401.0
16280 164553.0
16290 168212.0
16300 174636.0
16310 178002.0
16320 163477.0
16330 160491.0
16340 164969.0
16350 169531.0
16360 170318.0
16370 161891.0
16380 151992.0
16390 164589.0
16400 161473.0
16410 160189.0
16420 157399.0
16430 160918.0
16440 180697.0
16450 172651.0
16460 181850.0
16470 162188.0
16480 163849.0
16490 166762.0
16500 171914.0
16510 174864.0
16520 168146.0
16530 164762.0
16540 165407.0
16550 167048.0
16560 164704.0
16570 157986.0
16580 177315.0
16590 175194.0
16600 163398.0
16610 159015.0
16620 159592.0
16630 171431.0
16640 158304.0
16650 156127.0
16660 172614.0
16670 185537.0
16680 166571.0
16690 191990.0
16700 165721.0
16710 175250.0
16720 165814.0
16730 161787.0
16740 177227.0
16750 175953.0
16760 162040.0
16770 170760.0
16780 163599.0
16790 171142.0
16800 160801.0
16810 166196.0
16820 163826.0
16830 169773.0
16840 176921.0
16850 157465.0
16860 182244.0
16870 172391.0
16880 161671.0
16890 173462.0
16900 165585.0
16910 187842.0
16920 170301.0
16930 161786.0
16940 162577.0
16950 182190.0
16960 186594.0
16970 172525.0
16980 166050.0
16990 178416.0
17000 173638.0
17010 169498.0
17020 177010.0
17030 181708.0
17040 164538.0
17050 168821.0
17060 168151.0
17070 174403.0
17080 184042.0
17090 161507.0
17100 194735.0
17110 174810.0
17120 157569.0
17130 173142.0
17140 163906.0
17150 169048.0
17160 163758.0
17170 162730.0
17180 180829.0
17190 188180.0
17200 166862.0
17210 165607.0
17220 172394.0
17230 191387.0
17240 177155.0
17250 157032.0
17260 167405.0
17270 174050.0
17280 188005.0
17290 170046.0
17300 168269.0
17310 182335.0
17320 163177.0
17330 174204.0
17340 170244.0
17350 163886.0
17360 188094.0
17370 169917.0
17380 170096.0
17390 174640.0
17400 173432.0
17410 194304.0
17420 170682.0
17430 184318.0
17440 167672.0
17450 166831.0
17460 174114.0
17470 166286.0
17480 172672.0
17490 171334.0
17500 163740.0
17510 172887.0
17520 183762.0
17530 176580.0
17540 182048.0
17550 167758.0
17560 190183.0
17570 167631.0
17580 177241.0
17590 176377.0
17600 180224.0
17610 186288.0
17620 179803.0
17630 180508.0
17640 181779.0
17650 177796.0
17660 183739.0
17670 176459.0
17680 168825.0
17690 172987.0
17700 174256.0
17710 182644.0
17720 176744.0
17730 185675.0
17740 177351.0
17750 185704.0
17760 188090.0
17770 181061.0
17780 171177.0
17790 190387.0
17800 176684.0
17810 185679.0
17820 173978.0
17830 189853.0
17840 175992.0
17850 186709.0
17860 184616.0
17870 172508.0
17880 170079.0
17890 185045.0
17900 181131.0
17910 200556.0
17920 209376.0
17930 190521.0
17940 170523.0
17950 201573.0
17960 174836.0
17970 191312.0
17980 182744.0
17990 185245.0
18000 179031.0
18010 197085.0
18020 174484.0
18030 182226.0
18040 176773.0
18050 184356.0
18060 163207.0
18070 175483.0
18080 190536.0
18090 169202.0
18100 173938.0
18110 174424.0
18120 208462.0
18130 176649.0
18140 177662.0
18150 187756.0
18160 185157.0
18170 176590.0
18180 198701.0
18190 174409.0
18200 181810.0
18210 175977.0
18220 186075.0
18230 179447.0
18240 189503.0
18250 185329.0
18260 188510.0
18270 185876.0
18280 178202.0
18290 175517.0
18300 198201.0
18310 186764.0
18320 171570.0
18330 184872.0
18340 193051.0
18350 184580.0
18360 192139.0
18370 191734.0
18380 182018.0
18390 191775.0
18400 179497.0
18410 193762.0
18420 177122.0
18430 180966.0
18440 179000.0
18450 193090.0
18460 185202.0
18470 179797.0
18480 180387.0
18490 207846.0
18500 186443.0
18510 191294.0
18520 187430.0
18530 188284.0
18540 178750.0
18550 190431.0
18560 179168.0
18570 209295.0
18580 201792.0
18590 189188.0
18600 211668.0
18610 187078.0
18620 201641.0
18630 186059.0
