10 28.0
20 70.0
30 113.0
40 164.0
50 206.0
60 269.0
70 307.0
80 362.0
90 393.0
100 501.0
110 579.0
120 613.0
130 661.0
140 773.0
150 825.0
160 911.0
170 1003.0
180 1057.0
190 1196.0
200 1171.0
210 1151.0
220 1315.0
230 1283.0
240 1379.0
250 1434.0
260 1520.0
270 1689.0
280 1647.0
290 1696.0
300 1895.0
310 1815.0
320 1879.0
330 2126.0
340 2128.0
350 2212.0
360 2304.0
370 2340.0
380 2437.0
390 2511.0
400 2458.0
410 2709.0
420 2684.0
430 2685.0
440 3038.0
450 3063.0
460 2976.0
470 2892.0
480 3356.0
490 3094.0
500 2957.0
510 3502.0
520 3594.0
530 3436.0
540 3619.0
550 3544.0
560 3845.0
570 3678.0
580 4134.0
590 3992.0
600 4275.0
610 4155.0
620 4013.0
630 4265.0
640 4466.0
650 4403.0
660 4750.0
670 4790.0
680 4788.0
690 4965.0
700 4859.0
710 4964.0
720 5200.0
730 5191.0
740 5304.0
750 5157.0
760 5260.0
770 5229.0
780 5237.0
790 5392.0
800 5564.0
810 5917.0
820 6160.0
830 6119.0
840 5495.0
850 6366.0
860 6047.0
870 6336.0
880 5810.0
890 6455.0
900 6697.0
910 6689.0
920 6721.0
930 6657.0
940 6831.0
950 7230.0
960 7012.0
970 7124.0
980 7507.0
990 7225.0
1000 7372.0
1010 7397.0
1020 7861.0
1030 7536.0
1040 7579.0
1050 7438.0
1060 8120.0
1070 8206.0
1080 8500.0
1090 8452.0
1100 8704.0
1110 7948.0
1120 7585.0
1130 8550.0
1140 8571.0
1150 9105.0
1160 8656.0
1170 9252.0
1180 8724.0
1190 8751.0
1200 9424.0
1210 8981.0
1220 9134.0
1230 9342.0
1240 9477.0
1250 9462.0
1260 9772.0
1270 9638.0
1280 9749.0
1290 9865.0
1300 9731.0
1310 9604.0
1320 10169.0
1330 10191.0
1340 10039.0
1350 10198.0
1360 9524.0
1370 11072.0
1380 10551.0
1390 10992.0
1400 10671.0
1410 10474.0
1420 11110.0
1430 10667.0
1440 10650.0
1450 10988.0
1460 10871.0
1470 11099.0
1480 11361.0
1490 11164.0
1500 11312.0
1510 12230.0
1520 12014.0
1530 12180.0
1540 11390.0
1550 11999.0
1560 12004.0
1570 12295.0
1580 12652.0
1590 12890.0
1600 11948.0
1610 12815.0
1620 12591.0
1630 13507.0
1640 12932.0
1650 12795.0
1660 12613.0
1670 13326.0
1680 13119.0
1690 13166.0
1700 13737.0
1710 13571.0
1720 12941.0
1730 13198.0
1740 13491.0
1750 13847.0
1760 14605.0
1770 13760.0
1780 13767.0
1790 13611.0
1800 14296.0
1810 14190.0
1820 14154.0
1830 14457.0
1840 15145.0
1850 14530.0
1860 14900.0
1870 15077.0
1880 15170.0
1890 15769.0
1900 15682.0
1910 15148.0
1920 15228.0
1930 15113.0
1940 15822.0
1950 15674.0
1960 14669.0
1970 15399.0
1980 15750.0
1990 15293.0
2000 16098.0
2010 16063.0
2020 16998.0
2030 16196.0
2040 16297.0
2050 17821.0
2060 16078.0
2070 16762.0
2080 17618.0
2090 17503.0
2100 17349.0
2110 16918.0
2120 17090.0
2130 16489.0
2140 16856.0
2150 17576.0
2160 17221.0
2170 18471.0
2180 17285.0
2190 17063.0
2200 17883.0
2210 17824.0
2220 18512.0
2230 18184.0
2240 17781.0
2250 17737.0
2260 18439.0
2270 18616.0
2280 19614.0
2290 18165.0
2300 17842.0
2310 19029.0
2320 19476.0
2330 19078.0
2340 19066.0
2350 20333.0
2360 20392.0
2370 19657.0
2380 19571.0
2390 19345.0
2400 20017.0
2410 20741.0
2420 19961.0
2430 19065.0
2440 20170.0
2450 19465.0
2460 19497.0
2470 21085.0
2480 21714.0
2490 20150.0
2500 19849.0
2510 21417.0
2520 22499.0
2530 21076.0
2540 20293.0
2550 20827.0
2560 21523.0
2570 23001.0
2580 21126.0
2590 22958.0
2600 20668.0
2610 21902.0
2620 21612.0
2630 21617.0
2640 21162.0
2650 23440.0
2660 22825.0
2670 21930.0
2680 22068.0
2690 22867.0
2700 23680.0
2710 22258.0
2720 22468.0
2730 22799.0
2740 23438.0
2750 23173.0
2760 22996.0
2770 24689.0
2780 23148.0
2790 23381.0
2800 25191.0
2810 22757.0
2820 23069.0
2830 24262.0
2840 24195.0
2850 24712.0
2860 23612.0
2870 24486.0
2880 27189.0
2890 23602.0
2900 24878.0
2910 24547.0
2920 23097.0
2930 24456.0
2940 24067.0
2950 24348.0
2960 24969.0
2970 23696.0
2980 24152.0
2990 25745.0
3000 24969.0
3010 24845.0
3020 25822.0
3030 25195.0
3040 25731.0
3050 25476.0
3060 25584.0
3070 28351.0
3080 24267.0
3090 26867.0
3100 25265.0
3110 27022.0
3120 27687.0
3130 26426.0
3140 25472.0
3150 27076.0
3160 27071.0
3170 26840.0
3180 29246.0
3190 25693.0
3200 26650.0
3210 28674.0
3220 26550.0
3230 26884.0
3240 29397.0
3250 27426.0
3260 27220.0
3270 28106.0
3280 27189.0
3290 28323.0
3300 28962.0
3310 29060.0
3320 29583.0
3330 30250.0
3340 27935.0
3350 29409.0
3360 26925.0
3370 28604.0
3380 28841.0
3390 30430.0
3400 30827.0
3410 30163.0
3420 28562.0
3430 28438.0
3440 29614.0
3450 29000.0
3460 28812.0
3470 29807.0
3480 30504.0
3490 29596.0
3500 30034.0
3510 29320.0
3520 29994.0
3530 30783.0
3540 30746.0
3550 29427.0
3560 29602.0
3570 32258.0
3580 30983.0
3590 31807.0
3600 30053.0
3610 31724.0
3620 30209.0
3630 31018.0
3640 31073.0
3650 31874.0
3660 31590.0
3670 31658.0
3680 31887.0
3690 31321.0
3700 31155.0
3710 31798.0
3720 31237.0
3730 32264.0
3740 30671.0
3750 33234.0
3760 31746.0
3770 32980.0
3780 32305.0
3790 34947.0
3800 32748.0
3810 32607.0
3820 32607.0
3830 32549.0
3840 32682.0
3850 33826.0
3860 32352.0
3870 32852.0
3880 33314.0
3890 32349.0
3900 33061.0
3910 33820.0
3920 31700.0
3930 34382.0
3940 34655.0
3950 33819.0
3960 36254.0
3970 33611.0
3980 34821.0
3990 34896.0
4000 34750.0
4010 34473.0
4020 35087.0
4030 36779.0
4040 36457.0
4050 34488.0
4060 35684.0
4070 35128.0
4080 36758.0
4090 36366.0
4100 35736.0
4110 35439.0
4120 34278.0
4130 33961.0
4140 36304.0
4150 35567.0
4160 35946.0
4170 37294.0
4180 36312.0
4190 35540.0
4200 37435.0
4210 36832.0
4220 38107.0
4230 36666.0
4240 38790.0
4250 37260.0
4260 37910.0
4270 37666.0
4280 36793.0
4290 36888.0
4300 37544.0
4310 36378.0
4320 38521.0
4330 39098.0
4340 36522.0
4350 38093.0
4360 37505.0
4370 36539.0
4380 36770.0
4390 38036.0
4400 38849.0
4410 39520.0
4420 39281.0
4430 38370.0
4440 39204.0
4450 39100.0
4460 38385.0
4470 37699.0
4480 38663.0
4490 40208.0
4500 39225.0
4510 41672.0
4520 41083.0
4530 39377.0
4540 39743.0
4550 41143.0
4560 39049.0
4570 41353.0
4580 40496.0
4590 41560.0
4600 40270.0
4610 45780.0
4620 40792.0
4630 44103.0
4640 40906.0
4650 40246.0
4660 40311.0
4670 41807.0
4680 40997.0
4690 40001.0
4700 41177.0
4710 42170.0
4720 40634.0
4730 41380.0
4740 39946.0
4750 42877.0
4760 42283.0
4770 40036.0
4780 43713.0
4790 42375.0
4800 41769.0
4810 40442.0
4820 45620.0
4830 42768.0
4840 42956.0
4850 43850.0
4860 42749.0
4870 44053.0
4880 45132.0
4890 42514.0
4900 43971.0
4910 43187.0
4920 43945.0
4930 42224.0
4940 45036.0
4950 46388.0
4960 41905.0
4970 44333.0
4980 43972.0
4990 43193.0
5000 45041.0
5010 45358.0
5020 45936.0
5030 43851.0
5040 43966.0
5050 46439.0
5060 46036.0
5070 42859.0
5080 47961.0
5090 45207.0
5100 45124.0
5110 46599.0
5120 47627.0
5130 46300.0
5140 45589.0
5150 45790.0
5160 45118.0
5170 47901.0
5180 45165.0
5190 47254.0
5200 46915.0
5210 47446.0
5220 47849.0
5230 48232.0
5240 50061.0
5250 48342.0
5260 46223.0
5270 49033.0
5280 46428.0
5290 49913.0
5300 45393.0
5310 48212.0
5320 48922.0
5330 44583.0
5340 49474.0
5350 47687.0
5360 49344.0
5370 47760.0
5380 46604.0
5390 50776.0
5400 47537.0
5410 47953.0
5420 48933.0
5430 49583.0
5440 50524.0
5450 48915.0
5460 50713.0
5470 50189.0
5480 46805.0
5490 49842.0
5500 50036.0
5510 49347.0
5520 54878.0
5530 50903.0
5540 49983.0
5550 50283.0
5560 47864.0
5570 51787.0
5580 50513.0
5590 48577.0
5600 51359.0
5610 53474.0
5620 52163.0
5630 52275.0
5640 50513.0
5650 49716.0
5660 49837.0
5670 50733.0
5680 53659.0
5690 52151.0
5700 49180.0
5710 52106.0
5720 52127.0
5730 51308.0
5740 50928.0
5750 51308.0
5760 52845.0
5770 52155.0
5780 53734.0
5790 52387.0
5800 54194.0
5810 52303.0
5820 55135.0
5830 54231.0
5840 53702.0
5850 54822.0
5860 56177.0
5870 55070.0
5880 52742.0
5890 55556.0
5900 51488.0
5910 51848.0
5920 55462.0
5930 57695.0
5940 52282.0
5950 53921.0
5960 55704.0
5970 53807.0
5980 55427.0
5990 55960.0
6000 55474.0
6010 55889.0
6020 54365.0
6030 54211.0
6040 55440.0
6050 55366.0
6060 57118.0
6070 57830.0
6080 55682.0
6090 51439.0
6100 54471.0
6110 57313.0
6120 57346.0
6130 60431.0
6140 55847.0
6150 56771.0
6160 56065.0
6170 57069.0
6180 55891.0
6190 57770.0
6200 56821.0
6210 58007.0
6220 57018.0
6230 58063.0
6240 60088.0
6250 60042.0
6260 57844.0
6270 57306.0
6280 58956.0
6290 55927.0
6300 58563.0
6310 56250.0
6320 57948.0
6330 62091.0
6340 59208.0
6350 55575.0
6360 58116.0
6370 58537.0
6380 54567.0
6390 57596.0
6400 58972.0
6410 62163.0
6420 59416.0
6430 58664.0
6440 59318.0
6450 57945.0
6460 58095.0
6470 58168.0
6480 62620.0
6490 61360.0
6500 57506.0
6510 61215.0
6520 59753.0
6530 61741.0
6540 60016.0
6550 57524.0
6560 60280.0
6570 58792.0
6580 60611.0
6590 65497.0
6600 62219.0
6610 64830.0
6620 61817.0
6630 59339.0
6640 58979.0
6650 62537.0
6660 60486.0
6670 61259.0
6680 58545.0
6690 61793.0
6700 62656.0
6710 64334.0
6720 64540.0
6730 59820.0
6740 64106.0
6750 60666.0
6760 62038.0
6770 59471.0
6780 63020.0
6790 63441.0
6800 61478.0
6810 62329.0
6820 60199.0
6830 64666.0
6840 60856.0
6850 68857.0
6860 62047.0
6870 64722.0
6880 62218.0
6890 65839.0
6900 62755.0
6910 63102.0
6920 65475.0
6930 66849.0
6940 60712.0
6950 63117.0
6960 65599.0
6970 64059.0
6980 63240.0
6990 66140.0
7000 66770.0
7010 64955.0
7020 62555.0
7030 70718.0
7040 66646.0
7050 63357.0
7060 65860.0
7070 65509.0
7080 68287.0
7090 64247.0
7100 66045.0
7110 69425.0
7120 64678.0
7130 65580.0
7140 64195.0
7150 62098.0
7160 67938.0
7170 66865.0
7180 67252.0
7190 66494.0
7200 65165.0
7210 68885.0
7220 67250.0
7230 64408.0
7240 71493.0
7250 65956.0
7260 72502.0
7270 67864.0
7280 70750.0
7290 67142.0
7300 66860.0
7310 67169.0
7320 65642.0
7330 64580.0
7340 69063.0
7350 65657.0
7360 69516.0
7370 69657.0
7380 70160.0
7390 69699.0
7400 66185.0
7410 67850.0
7420 67914.0
7430 71659.0
7440 73388.0
7450 67736.0
7460 69787.0
7470 69093.0
7480 73746.0
7490 67321.0
7500 71217.0
7510 67386.0
7520 69875.0
7530 69871.0
7540 71917.0
7550 68821.0
7560 72304.0
7570 68555.0
7580 70971.0
7590 69434.0
7600 70781.0
7610 74193.0
7620 70555.0
7630 71918.0
7640 69970.0
7650 72428.0
7660 75435.0
7670 68680.0
7680 72180.0
7690 71495.0
7700 72811.0
7710 72219.0
7720 71385.0
7730 71949.0
7740 72952.0
7750 73246.0
7760 70265.0
7770 70847.0
7780 77815.0
7790 74036.0
7800 74315.0
7810 75170.0
7820 73246.0
7830 72078.0
7840 77414.0
7850 73110.0
7860 73836.0
7870 74163.0
7880 75761.0
7890 76620.0
7900 72410.0
7910 74658.0
7920 72011.0
7930 76023.0
7940 75584.0
7950 76195.0
7960 74889.0
7970 73559.0
7980 77767.0
7990 73752.0
8000 75580.0
8010 77542.0
8020 75309.0
8030 76487.0
8040 75201.0
8050 79676.0
8060 77944.0
8070 78430.0
8080 74211.0
8090 77498.0
8100 74831.0
8110 76860.0
8120 76480.0
8130 77329.0
8140 72426.0
8150 76422.0
8160 78590.0
8170 76874.0
8180 81324.0
8190 76820.0
8200 79217.0
8210 73683.0
8220 81734.0
8230 81585.0
8240 81722.0
8250 77356.0
8260 77642.0
8270 74709.0
8280 81831.0
8290 76052.0
8300 79281.0
8310 76254.0
8320 77796.0
8330 80819.0
8340 77553.0
8350 80822.0
8360 81616.0
8370 79584.0
8380 79722.0
8390 81831.0
8400 79249.0
8410 80922.0
8420 79288.0
8430 80760.0
8440 79125.0
8450 79425.0
8460 79512.0
8470 82020.0
8480 80244.0
8490 86474.0
8500 79931.0
8510 81697.0
8520 79434.0
8530 79230.0
8540 79901.0
8550 75955.0
8560 81727.0
8570 78013.0
8580 83413.0
8590 85154.0
8600 79810.0
8610 83127.0
8620 80795.0
8630 82121.0
8640 81441.0
8650 82312.0
8660 83130.0
8670 82073.0
8680 80628.0
8690 86581.0
8700 82494.0
8710 84228.0
8720 80590.0
8730 83719.0
8740 80906.0
8750 83503.0
8760 82492.0
8770 81966.0
8780 80510.0
8790 82521.0
8800 82807.0
8810 83412.0
8820 83730.0
8830 85321.0
8840 81181.0
8850 83586.0
8860 83408.0
8870 83290.0
8880 81776.0
8890 84164.0
8900 82870.0
8910 83638.0
8920 86344.0
8930 88864.0
8940 86410.0
8950 80776.0
8960 81501.0
8970 87808.0
8980 88429.0
8990 86156.0
9000 83999.0
9010 89326.0
9020 86300.0
9030 86619.0
9040 84910.0
9050 87656.0
9060 86856.0
9070 84472.0
9080 86895.0
9090 88557.0
9100 89290.0
9110 84917.0
9120 83608.0
9130 90087.0
9140 86937.0
9150 93631.0
9160 83370.0
9170 87804.0
9180 88756.0
9190 85519.0
9200 87703.0
9210 86620.0
9220 84217.0
9230 89328.0
9240 86895.0
9250 88304.0
9260 85798.0
9270 86213.0
9280 88392.0
9290 86783.0
9300 88577.0
9310 88785.0
9320 84247.0
9330 88154.0
9340 89622.0
9350 83925.0
9360 88393.0
9370 89725.0
9380 88836.0
9390 91639.0
9400 90518.0
9410 88391.0
9420 89890.0
9430 90437.0
9440 87860.0
9450 93343.0
9460 94797.0
9470 86989.0
9480 92679.0
9490 92577.0
9500 91394.0
9510 87781.0
9520 96086.0
9530 89362.0
9540 99650.0
9550 89334.0
9560 93531.0
9570 98096.0
9580 92948.0
9590 95726.0
9600 90253.0
9610 88522.0
9620 96572.0
9630 95730.0
9640 97054.0
9650 94181.0
9660 96561.0
9670 97691.0
9680 89450.0
9690 92672.0
9700 94889.0
9710 90533.0
9720 96039.0
9730 95050.0
9740 94988.0
9750 90488.0
9760 96705.0
9770 92180.0
9780 94574.0
9790 92892.0
9800 94436.0
9810 95528.0
9820 94513.0
9830 96285.0
9840 93045.0
9850 97383.0
9860 93806.0
9870 96935.0
9880 90367.0
9890 93388.0
9900 95211.0
9910 98533.0
9920 95942.0
9930 89279.0
9940 96008.0
9950 97267.0
9960 93131.0
9970 99749.0
9980 93120.0
9990 95720.0
10000 96183.0
10010 98113.0
10020 95469.0
10030 97451.0
10040 101976.0
10050 95050.0
10060 93793.0
10070 95699.0
10080 93365.0
10090 95490.0
10100 95333.0
10110 104111.0
10120 97822.0
10130 98514.0
10140 99162.0
10150 95642.0
10160 98233.0
10170 97081.0
10180 101677.0
10190 102053.0
10200 99809.0
10210 97299.0
10220 97279.0
10230 96769.0
10240 104840.0
10250 99717.0
10260 106021.0
10270 103091.0
10280 97938.0
10290 97450.0
10300 100143.0
10310 102319.0
10320 103703.0
10330 97092.0
10340 99313.0
10350 95227.0
10360 100829.0
10370 99940.0
10380 98235.0
10390 98300.0
10400 100390.0
10410 98832.0
10420 101711.0
10430 103641.0
10440 102671.0
10450 97306.0
10460 100582.0
10470 102590.0
10480 101888.0
10490 101563.0
10500 103372.0
10510 100484.0
10520 102027.0
10530 103672.0
10540 101948.0
10550 100412.0
10560 101047.0
10570 106326.0
10580 101463.0
10590 99844.0
10600 103227.0
10610 106385.0
10620 102787.0
10630 100407.0
10640 104868.0
10650 105596.0
10660 100486.0
10670 101095.0
10680 102538.0
10690 103181.0
10700 106640.0
10710 105262.0
10720 110938.0
10730 101110.0
10740 103603.0
10750 104311.0
10760 105154.0
10770 105857.0
10780 105345.0
10790 107337.0
10800 105471.0
10810 110548.0
10820 106033.0
10830 104632.0
10840 106300.0
10850 102580.0
10860 102224.0
10870 105885.0
10880 108425.0
10890 108082.0
10900 103038.0
10910 110016.0
10920 105026.0
10930 108545.0
10940 101579.0
10950 105932.0
10960 103946.0
10970 109691.0
10980 110201.0
10990 103508.0
11000 102257.0
11010 108387.0
11020 106050.0
11030 107676.0
11040 106187.0
11050 102947.0
11060 106304.0
11070 107166.0
11080 107636.0
11090 103039.0
11100 106840.0
11110 105632.0
11120 110818.0
11130 107026.0
11140 104074.0
11150 104873.0
11160 108730.0
11170 110427.0
11180 111780.0
11190 115232.0
11200 108522.0
11210 109771.0
11220 107880.0
11230 108575.0
11240 115553.0
11250 113242.0
11260 110679.0
11270 106818.0
11280 111954.0
11290 110144.0
11300 109472.0
11310 116551.0
11320 108591.0
11330 110958.0
11340 106789.0
11350 109655.0
11360 113163.0
11370 109639.0
11380 110201.0
11390 116175.0
11400 107499.0
11410 108272.0
11420 113962.0
11430 114415.0
11440 107194.0
11450 110557.0
11460 110624.0
11470 108792.0
11480 108659.0
11490 111625.0
11500 113670.0
11510 117339.0
11520 113949.0
11530 111715.0
11540 110885.0
11550 117102.0
11560 116060.0
11570 114266.0
11580 112777.0
11590 113008.0
11600 114779.0
11610 117786.0
11620 111359.0
11630 114972.0
11640 109403.0
11650 113889.0
11660 113146.0
11670 108980.0
11680 110333.0
11690 114157.0
11700 119964.0
11710 112166.0
11720 121565.0
11730 113389.0
11740 116951.0
11750 121297.0
11760 121761.0
11770 111126.0
11780 113173.0
11790 114894.0
11800 117211.0
11810 113866.0
11820 116686.0
11830 112749.0
11840 117688.0
11850 113104.0
11860 120952.0
11870 120613.0
11880 117224.0
11890 117396.0
11900 116838.0
11910 118769.0
11920 112714.0
11930 117668.0
11940 115381.0
11950 123868.0
11960 128216.0
11970 125341.0
11980 114032.0
11990 121946.0
12000 121871.0
12010 115618.0
12020 114773.0
12030 114519.0
12040 115109.0
12050 118211.0
12060 115818.0
12070 118600.0
12080 121089.0
12090 116910.0
12100 112276.0
12110 118597.0
12120 113710.0
12130 113964.0
12140 120230.0
12150 114922.0
12160 120142.0
12170 121565.0
12180 119056.0
12190 120078.0
12200 118058.0
12210 122201.0
12220 119691.0
12230 121521.0
12240 123981.0
12250 130014.0
12260 127697.0
12270 129524.0
12280 118266.0
12290 117936.0
12300 115836.0
12310 131476.0
12320 117053.0
12330 124394.0
12340 119804.0
12350 117933.0
12360 118780.0
12370 124747.0
12380 122137.0
12390 120132.0
12400 119332.0
12410 128075.0
12420 119448.0
12430 116646.0
12440 120944.0
12450 126935.0
12460 121183.0
12470 125763.0
12480 120677.0
12490 126148.0
12500 122218.0
12510 123427.0
12520 124289.0
12530 126425.0
12540 127018.0
12550 123691.0
12560 121150.0
12570 130314.0
12580 124625.0
12590 124892.0
12600 130448.0
12610 119677.0
12620 122961.0
12630 125767.0
12640 120836.0
12650 133194.0
12660 125737.0
12670 123434.0
12680 121654.0
12690 130930.0
12700 124692.0
12710 127782.0
12720 124361.0
12730 124481.0
12740 122378.0
12750 124832.0
12760 129108.0
12770 125920.0
12780 131770.0
12790 127380.0
12800 125598.0
12810 131040.0
12820 126247.0
12830 127467.0
12840 127182.0
12850 129266.0
12860 131277.0
12870 123311.0
12880 130310.0
12890 120348.0
12900 123628.0
12910 135062.0
12920 130952.0
12930 127992.0
12940 125834.0
12950 122484.0
12960 129825.0
12970 126134.0
12980 134422.0
12990 130925.0
13000 131579.0
13010 128777.0
13020 125383.0
13030 125569.0
13040 131273.0
13050 130835.0
13060 128768.0
13070 127472.0
13080 131514.0
13090 127980.0
13100 127748.0
13110 127270.0
13120 126103.0
13130 127125.0
13140 131103.0
13150 122264.0
13160 128067.0
13170 128966.0
13180 131596.0
13190 129992.0
13200 122963.0
13210 128791.0
13220 134346.0
13230 130338.0
13240 126415.0
13250 136578.0
13260 138096.0
13270 127341.0
13280 127454.0
13290 130453.0
13300 129371.0
13310 131620.0
13320 130594.0
13330 128461.0
13340 137007.0
13350 133414.0
13360 131504.0
13370 130442.0
13380 128705.0
13390 132620.0
13400 132005.0
13410 139380.0
13420 128128.0
13430 138690.0
13440 134084.0
13450 138265.0
13460 138852.0
13470 132684.0
13480 139808.0
13490 129746.0
13500 134344.0
13510 133731.0
13520 132566.0
13530 134879.0
13540 129595.0
13550 138304.0
13560 138889.0
13570 135696.0
13580 145114.0
13590 133521.0
13600 131274.0
13610 138109.0
13620 135814.0
13630 134491.0
13640 135291.0
13650 129796.0
13660 131753.0
13670 140019.0
13680 141488.0
13690 133267.0
13700 139358.0
13710 135354.0
13720 132056.0
13730 136023.0
13740 132259.0
13750 136376.0
13760 136691.0
13770 134597.0
13780 132897.0
13790 135530.0
13800 139857.0
13810 137941.0
13820 140910.0
13830 135106.0
13840 142087.0
13850 142367.0
13860 132454.0
13870 135310.0
13880 136408.0
13890 137861.0
13900 138469.0
13910 138599.0
13920 138459.0
13930 141220.0
13940 142656.0
13950 139928.0
13960 142549.0
13970 148706.0
13980 137459.0
13990 137538.0
14000 141643.0
