10 26.6
20 71.3
30 107.4
40 179.6
50 217.8
60 284.0
70 406.0
80 427.3
90 439.6
100 496.4
110 570.6
120 582.4
130 644.6
140 819.2
150 845.2
160 878.3
170 1008.7
180 1060.0
190 1130.4
200 1059.0
210 1242.8
220 1241.2
230 1475.1
240 1504.9
250 1401.4
260 1662.8
270 1624.3
280 2004.6
290 1766.9
300 1924.0
310 1962.1
320 2126.6
330 2124.5
340 2112.8
350 2312.1
360 2388.0
370 2187.4
380 2753.6
390 2502.6
400 2366.4
410 2803.6
420 2743.0
430 2814.4
440 2864.3
450 3141.4
460 2870.7
470 3006.2
480 3102.9
490 3146.2
500 3197.2
510 3302.8
520 3399.1
530 3715.5
540 3862.1
550 3979.8
560 3997.6
570 3868.0
580 3812.0
590 3901.9
600 4649.3
610 4618.1
620 4582.3
630 4219.2
640 4686.3
650 4619.8
660 4604.1
670 4825.3
680 5391.1
690 4568.8
700 5072.4
710 5499.2
720 5034.7
730 4956.7
740 4920.3
750 5208.4
760 5193.2
770 5416.5
780 5976.9
790 5977.6
800 5666.2
810 6059.1
820 6205.0
830 5744.9
840 6704.2
850 5876.7
860 6973.5
870 6363.8
880 6933.6
890 7552.2
900 6707.7
910 7501.1
920 6857.8
930 7199.3
940 6502.5
950 7542.0
960 8122.6
970 8117.4
980 7302.8
990 7324.5
1000 7208.4
1010 7091.0
1020 7327.3
1030 7897.1
1040 7877.2
1050 8067.9
1060 7965.6
1070 8671.3
1080 7729.5
1090 8265.5
1100 9558.2
1110 8870.8
1120 8149.5
1130 9074.0
1140 8780.0
1150 8449.1
1160 9062.0
1170 8552.0
1180 8457.8
1190 9076.5
1200 9040.4
1210 9572.1
1220 9048.8
1230 9170.5
1240 9380.3
1250 9902.5
1260 9620.1
1270 9650.8
1280 10587.0
1290 9805.6
1300 9940.9
1310 10111.0
1320 11350.6
1330 10058.3
1340 10119.5
1350 10429.6
1360 11458.4
1370 10150.1
1380 10484.1
1390 9875.7
1400 10366.5
1410 11572.2
1420 11166.1
1430 11029.9
1440 11180.5
1450 12051.4
1460 11493.7
1470 12407.5
1480 11117.2
1490 11657.4
1500 11460.6
1510 12411.2
1520 12783.3
1530 12948.3
1540 11746.0
1550 11223.6
1560 12588.1
1570 11854.6
1580 12617.5
1590 12062.9
1600 13122.4
1610 12352.5
1620 12518.6
1630 12423.8
1640 13367.6
1650 13197.5
1660 13657.6
1670 13156.8
1680 13139.9
1690 13920.2
1700 14074.7
1710 13390.1
1720 13803.6
1730 14467.7
1740 13031.0
1750 13341.8
1760 13361.1
1770 14594.4
1780 14430.0
1790 14145.4
1800 14519.7
1810 14457.6
1820 14283.4
1830 14603.4
1840 13984.4
1850 14152.4
1860 15644.9
1870 15047.0
1880 14478.1
1890 16105.0
1900 16502.6
1910 15958.8
1920 16939.1
1930 15999.5
1940 17362.4
1950 16003.2
1960 15546.0
1970 16086.4
1980 16120.9
1990 16107.0
2000 17476.4
2010 17295.7
2020 17139.5
2030 16634.4
2040 16804.1
2050 17010.4
2060 17878.9
2070 15375.8
2080 18338.5
2090 16980.3
2100 17718.6
2110 16974.2
2120 17686.1
2130 16622.8
2140 16916.8
2150 19212.8
2160 19110.9
2170 17800.1
2180 17386.9
2190 17626.6
2200 18738.9
2210 18077.6
2220 17310.8
2230 19098.6
2240 18170.7
2250 19722.7
2260 19876.8
2270 18927.2
2280 18464.6
2290 18394.0
2300 19098.2
2310 17778.2
2320 18838.4
2330 18551.9
2340 18758.7
2350 19890.8
2360 20224.7
2370 20557.4
2380 20920.6
2390 20013.9
2400 20746.0
2410 19227.9
2420 22399.8
2430 19876.2
2440 21079.3
2450 20727.9
2460 20664.3
2470 19116.3
2480 20309.1
2490 23390.6
2500 20184.3
2510 20873.8
2520 21025.5
2530 22190.5
2540 23352.4
2550 21171.3
2560 22913.9
2570 24229.0
2580 20678.4
2590 19990.6
2600 21519.9
2610 21587.0
2620 23125.9
2630 21554.4
2640 23035.4
2650 22526.6
2660 21765.2
2670 22330.7
2680 22669.0
2690 21396.0
2700 22021.8
2710 22840.9
2720 20747.0
2730 21969.2
2740 23635.1
2750 21983.9
2760 23682.5
2770 22309.5
2780 23655.1
2790 26206.6
2800 23786.3
2810 22296.6
2820 24161.0
2830 23950.3
2840 23295.2
2850 23286.7
2860 24856.2
2870 23697.0
2880 24870.2
2890 25278.2
2900 25201.1
2910 26190.2
2920 24598.9
2930 25284.4
2940 26858.8
2950 25290.8
2960 24824.0
2970 25251.5
2980 24599.9
2990 23992.2
3000 23461.4
3010 27270.2
3020 27264.1
3030 24689.1
3040 26562.5
3050 27084.2
3060 27011.6
3070 25962.1
3080 26107.8
3090 25239.6
3100 27943.1
3110 26174.3
3120 27962.6
3130 26889.9
3140 26971.2
3150 28804.5
3160 29784.6
3170 27525.7
3180 28405.8
3190 26688.2
3200 26351.5
3210 28193.1
3220 25947.6
3230 27542.0
3240 26676.6
3250 25971.2
3260 27192.4
3270 29182.6
3280 28359.0
3290 28473.0
3300 29953.1
3310 29312.6
3320 30395.3
3330 29533.3
3340 29154.6
3350 29215.1
3360 28305.3
3370 27220.3
3380 30738.1
3390 27744.4
3400 29592.5
3410 29319.5
3420 30581.8
3430 26919.8
3440 27638.3
3450 33515.2
3460 29709.3
3470 28884.6
3480 31965.7
3490 29343.3
3500 29587.0
3510 28520.1
3520 33343.9
3530 30024.1
3540 28938.4
3550 31638.3
3560 31567.2
3570 31560.1
3580 31087.5
3590 29699.3
3600 31074.8
3610 30819.2
3620 32281.0
3630 32157.6
3640 31105.9
3650 35445.9
3660 31097.5
3670 32192.3
3680 31840.1
3690 31675.4
3700 33805.4
3710 31637.7
3720 31188.3
3730 33134.8
3740 33325.1
3750 34628.3
3760 33235.1
3770 33765.1
3780 33328.7
3790 32844.5
3800 38868.3
3810 33472.7
3820 32165.0
3830 37842.9
3840 35836.6
3850 35826.5
3860 32492.9
3870 35794.8
3880 31495.3
3890 34619.3
3900 35721.3
3910 35116.9
3920 33371.3
3930 32126.8
3940 38363.9
3950 32534.1
3960 37780.5
3970 33916.7
3980 34549.6
3990 36088.8
4000 34994.7
4010 31656.0
4020 33059.7
4030 36016.1
4040 36830.8
4050 33281.7
4060 33014.0
4070 39172.2
4080 34956.4
4090 34007.6
4100 40473.9
4110 39031.7
4120 39522.1
4130 38814.0
4140 35759.6
4150 38732.0
4160 34591.5
4170 37062.0
4180 35469.9
4190 38554.6
4200 37446.8
4210 36838.3
4220 37329.3
4230 37835.0
4240 37733.1
4250 36941.8
4260 36864.2
4270 37630.0
4280 39763.6
4290 38285.2
4300 39811.7
4310 38845.5
4320 35761.8
4330 38527.4
4340 37446.6
4350 37330.9
4360 38928.3
4370 39449.4
4380 38458.8
4390 38890.5
4400 41429.0
4410 40986.8
4420 38826.4
4430 40823.5
4440 42153.9
4450 38518.1
4460 39658.0
4470 40713.1
4480 40268.3
4490 40954.6
4500 46713.8
4510 43708.9
4520 42578.9
4530 41833.2
4540 38262.2
4550 40452.9
4560 42803.5
4570 42377.5
4580 41372.6
4590 42232.3
4600 39705.5
4610 42354.9
4620 42216.5
4630 39917.0
4640 40112.1
4650 42153.9
4660 42631.4
4670 40978.0
4680 39980.2
4690 40579.0
4700 39898.6
4710 40418.5
4720 42973.2
4730 40170.0
4740 42004.7
4750 43517.3
4760 44338.3
4770 40950.1
4780 44691.1
4790 40852.0
4800 41246.3
4810 43387.5
4820 44211.9
4830 45249.4
4840 41134.6
4850 44655.7
4860 44165.7
4870 42845.3
4880 42679.7
4890 42603.1
4900 45153.8
4910 44213.7
4920 44111.0
4930 43000.0
4940 44147.6
4950 43644.4
4960 42096.8
4970 45509.1
4980 45513.4
4990 43127.0
5000 49392.3
5010 43254.7
5020 48241.4
5030 44367.8
5040 46292.6
5050 43259.7
5060 44992.1
5070 47373.1
5080 44580.2
5090 44881.0
5100 46219.3
5110 46272.6
5120 50097.9
5130 44335.8
5140 47485.2
5150 44887.2
5160 45620.6
5170 49157.3
5180 46156.0
5190 50364.0
5200 44947.1
5210 46691.3
5220 48209.9
5230 46839.6
5240 49822.6
5250 52275.2
5260 53701.2
5270 46515.0
5280 51500.5
5290 48377.6
5300 49662.5
5310 50371.3
5320 48580.5
5330 49216.5
5340 47043.0
5350 47809.7
5360 50375.5
5370 47644.6
5380 49074.0
5390 50849.2
5400 51562.4
5410 54145.8
5420 47101.9
5430 49442.7
5440 47563.4
5450 54548.1
5460 49571.2
5470 48007.7
5480 50485.3
5490 50520.3
5500 49386.9
5510 52630.9
5520 48533.1
5530 51651.8
5540 51035.3
5550 49778.1
5560 46458.9
5570 53030.2
5580 50538.9
5590 55318.5
5600 50329.6
5610 50373.8
5620 49919.9
5630 51166.2
5640 52981.0
5650 49952.1
5660 49170.0
5670 56673.2
5680 49980.4
5690 52756.7
5700 51335.4
5710 48770.8
5720 50407.5
5730 52307.5
5740 52723.8
5750 53167.0
5760 54976.6
5770 50189.7
5780 53317.9
5790 48449.3
5800 61721.2
5810 54604.1
5820 55504.8
5830 55073.9
5840 50929.4
5850 50925.5
5860 52862.2
5870 50532.7
5880 54988.4
5890 56569.4
5900 54810.8
5910 54055.2
5920 57033.9
5930 59169.9
5940 57172.0
5950 54091.4
5960 58400.0
5970 57086.2
5980 57266.6
5990 54276.4
6000 54062.8
6010 53037.3
6020 53892.9
6030 52533.6
6040 58564.1
6050 58693.5
6060 55612.8
6070 54241.2
6080 56222.3
6090 54318.8
6100 54714.5
6110 59169.8
6120 58409.9
6130 55166.1
6140 54421.7
6150 57237.4
6160 57837.4
6170 59328.0
6180 57275.9
6190 61688.0
6200 59486.1
6210 61806.2
6220 59542.4
6230 55556.3
6240 57203.2
6250 55778.9
6260 55047.8
6270 59282.6
6280 56152.3
6290 58436.9
6300 58205.0
6310 57600.7
6320 59058.3
6330 59475.2
6340 57003.8
6350 56517.2
6360 58502.3
6370 62408.1
6380 58870.2
6390 58866.6
6400 56337.0
6410 60807.2
6420 64189.0
6430 56084.2
6440 63563.5
6450 58264.0
6460 63046.0
6470 69149.1
6480 60894.4
6490 62660.4
6500 55872.8
6510 62181.1
6520 62426.1
6530 60635.7
6540 58249.6
6550 60226.6
6560 60471.4
6570 67817.5
6580 63197.0
6590 63975.4
6600 64500.2
6610 62633.8
6620 57435.5
6630 66507.3
6640 62784.2
6650 60384.7
6660 63482.3
6670 63927.9
6680 63636.0
6690 60554.7
6700 63878.1
6710 59405.4
6720 60131.2
6730 57654.0
6740 62373.3
6750 59175.5
6760 66378.3
6770 65228.7
6780 71396.0
6790 65622.1
6800 64064.9
6810 64496.9
6820 62121.1
6830 62179.5
6840 64901.9
6850 62992.5
6860 63671.3
6870 64357.6
6880 64357.9
6890 68157.8
6900 63103.1
6910 69674.4
6920 64489.5
6930 65708.4
6940 63751.1
6950 65193.8
6960 68306.7
6970 68117.1
6980 72832.1
6990 65104.1
7000 61862.1
7010 64913.3
7020 66615.5
7030 65754.1
7040 70732.6
7050 64380.2
7060 68422.1
7070 71069.6
7080 72328.3
7090 68807.9
7100 65818.5
7110 67971.1
7120 64627.9
7130 65660.8
7140 70712.6
7150 67809.0
7160 64397.5
7170 69036.6
7180 65687.3
7190 68846.3
7200 70899.8
7210 67614.7
7220 69601.6
7230 66111.5
7240 68574.6
7250 65587.7
7260 71658.6
7270 66405.4
7280 66432.0
7290 69399.5
7300 71490.6
7310 69922.9
7320 67695.3
7330 69562.2
7340 69800.1
7350 69248.6
7360 73693.4
7370 68856.7
7380 75194.0
7390 68546.9
7400 74876.7
7410 72530.1
7420 73583.6
7430 70919.8
7440 71410.8
7450 69653.4
7460 73252.6
7470 69385.1
7480 70312.6
7490 66988.6
7500 69005.7
7510 74077.9
7520 67270.5
7530 66105.1
7540 69765.7
7550 72145.1
7560 69165.5
7570 73973.5
7580 73885.1
7590 69312.1
7600 70703.4
7610 70845.6
7620 75967.2
7630 71668.7
7640 75406.1
7650 69838.1
7660 74320.0
7670 77032.3
7680 67061.1
7690 71241.6
7700 72188.7
7710 72900.6
7720 72670.7
7730 72591.1
7740 77157.0
7750 71765.9
7760 69484.9
7770 79527.6
7780 78232.4
7790 75360.0
7800 71774.1
7810 71799.2
7820 77717.6
7830 76764.1
7840 72590.4
7850 76167.9
7860 82436.1
7870 72693.9
7880 80622.5
7890 70362.6
7900 77136.2
7910 75541.2
7920 74734.2
7930 73163.1
7940 77382.7
7950 72176.1
7960 76359.5
7970 75069.7
7980 76003.5
7990 78975.6
8000 77389.7
8010 77202.9
8020 74652.9
8030 77270.2
8040 74205.7
8050 77917.7
8060 81487.4
8070 74911.8
8080 70030.0
8090 77080.4
8100 77125.5
8110 76487.1
8120 78052.0
8130 81113.3
8140 75891.7
8150 78693.5
8160 70735.0
8170 78424.8
8180 78322.9
8190 79144.8
8200 77399.7
8210 76726.7
8220 77059.5
8230 78979.5
8240 75445.8
8250 74007.1
8260 77092.4
8270 80659.0
8280 76380.7
8290 74465.3
8300 77945.6
8310 79893.9
8320 81249.4
8330 77834.9
8340 78100.4
8350 80556.3
8360 80812.3
8370 78590.4
8380 82157.6
8390 87766.1
8400 78402.5
8410 77202.0
8420 80750.0
8430 83114.7
8440 82716.1
8450 80404.0
8460 86654.4
8470 84989.5
8480 85862.2
8490 80362.0
8500 79754.7
8510 80020.8
8520 88291.6
8530 87477.8
8540 81863.2
8550 79091.1
8560 75662.2
8570 82661.1
8580 87866.4
8590 82226.4
8600 80408.8
8610 80133.8
8620 81597.3
8630 81497.1
8640 83589.9
8650 81276.0
8660 82880.3
8670 82317.8
8680 90376.3
8690 83226.2
8700 82110.1
8710 88601.1
8720 82471.4
8730 80941.4
8740 84937.3
8750 88819.8
8760 82625.9
8770 86951.5
8780 81618.0
8790 82673.2
8800 79852.7
8810 83063.3
8820 84604.9
8830 85708.2
8840 89337.4
8850 85419.5
8860 86342.2
8870 85320.5
8880 85542.1
8890 92018.5
8900 89618.3
8910 82693.2
8920 86894.3
8930 90819.5
8940 86688.7
8950 86105.2
8960 84898.9
8970 83887.5
8980 87087.7
8990 84396.9
9000 91344.9
9010 83212.4
9020 90993.7
9030 83303.8
9040 83709.3
9050 90975.2
9060 85759.5
9070 86019.3
9080 88635.2
9090 91402.3
9100 85285.1
9110 84646.3
9120 86542.3
9130 95395.1
9140 84386.0
9150 86809.5
9160 85947.2
9170 91981.2
9180 92067.0
9190 89135.0
9200 88239.3
9210 93525.7
9220 102656.9
9230 87702.1
9240 92244.0
9250 93753.8
9260 95753.6
9270 86150.4
9280 91067.0
9290 99943.3
9300 95139.2
9310 91128.7
9320 98422.5
9330 89352.5
9340 92204.4
9350 95378.0
9360 87418.0
9370 93018.3
9380 89022.4
9390 88533.3
9400 91409.7
9410 85266.6
9420 91922.8
9430 91172.3
9440 90224.5
9450 89469.4
9460 98126.7
9470 91244.6
9480 94323.5
9490 91395.7
9500 91975.8
9510 92479.7
9520 96417.6
9530 87405.1
9540 91045.1
9550 93530.6
9560 91802.2
9570 91325.4
9580 92271.0
9590 91714.1
9600 94003.8
9610 97799.2
9620 91640.3
9630 87786.6
9640 105184.2
9650 89377.0
9660 91391.0
9670 97450.6
9680 92109.0
9690 97358.4
9700 89350.5
9710 99955.0
9720 95701.5
9730 94746.5
9740 91853.9
9750 98126.1
9760 95582.2
9770 98572.0
9780 94020.0
9790 94385.4
9800 98975.7
9810 98365.5
9820 100918.5
9830 91890.2
9840 100782.1
9850 95569.4
9860 93350.3
9870 94484.9
9880 106533.2
9890 94470.8
9900 96973.5
9910 100250.9
9920 102158.5
9930 97068.9
9940 101769.0
9950 91888.7
9960 93799.5
9970 93260.9
9980 94552.7
9990 95722.9
10000 103212.6
10010 101167.3
10020 95361.3
10030 92475.6
10040 98369.9
10050 95173.3
10060 87027.2
10070 98247.7
10080 97217.6
10090 100196.7
10100 98877.1
10110 95748.1
10120 108641.6
10130 93148.6
10140 103256.5
10150 99813.2
10160 99809.4
10170 99993.9
10180 103298.2
10190 103278.7
10200 104290.8
10210 95858.0
10220 97952.0
10230 96806.1
10240 102020.8
10250 101768.4
10260 100007.0
10270 96567.0
10280 98906.2
10290 101235.1
10300 123454.4
10310 98172.3
10320 101896.9
10330 105456.4
10340 97631.1
10350 99295.6
10360 97152.9
10370 98864.0
10380 102690.1
10390 102927.0
10400 102629.5
10410 103613.1
10420 105150.4
10430 104426.4
10440 111955.7
10450 102434.1
10460 101903.4
10470 105558.9
10480 107739.3
10490 101953.9
10500 109601.3
10510 94859.7
10520 108100.7
10530 105582.2
10540 110663.2
10550 105230.7
10560 111694.7
10570 101109.0
10580 107442.9
10590 106033.6
10600 99594.6
10610 101886.1
10620 103901.4
10630 108962.0
10640 111283.4
10650 114638.4
10660 105220.1
10670 100368.1
10680 102692.1
10690 106341.9
10700 108262.4
10710 105603.2
10720 107161.8
10730 100929.8
10740 105046.6
10750 109228.2
10760 110537.2
10770 113310.6
10780 108683.8
10790 115698.5
10800 108696.7
10810 110178.0
10820 106520.0
10830 101884.1
10840 101345.1
10850 107295.5
10860 108656.1
10870 107981.5
10880 102432.9
10890 110030.8
10900 111634.8
10910 109245.0
10920 116206.0
10930 106077.5
10940 110890.9
10950 104660.0
10960 102408.5
10970 114928.0
10980 100933.7
10990 111297.4
11000 107475.0
11010 112323.5
11020 112202.5
11030 102925.7
11040 110027.3
11050 113720.5
11060 111228.7
11070 119087.1
11080 112237.4
11090 113996.7
11100 107201.2
11110 102952.1
11120 106946.9
11130 110182.9
11140 107330.6
11150 112931.0
11160 108015.1
11170 114500.3
11180 112650.3
11190 106744.0
11200 113935.4
11210 111707.5
11220 104655.6
11230 109182.6
11240 111514.7
11250 117290.8
11260 111491.2
11270 115175.8
11280 109623.7
11290 106174.5
11300 110434.8
11310 110472.4
11320 110332.7
11330 108517.6
11340 113604.4
11350 111981.0
11360 110993.0
11370 108929.6
11380 110521.7
11390 115463.9
11400 117040.3
11410 110775.4
11420 111102.3
11430 113613.4
11440 111783.4
11450 120718.4
11460 114075.7
11470 128726.8
11480 115836.5
11490 111155.1
11500 115172.1
11510 120997.6
11520 111321.2
11530 115186.9
11540 115116.4
11550 117217.8
11560 117009.0
11570 107093.0
11580 123811.0
11590 117857.1
11600 114639.0
11610 115330.4
11620 117960.4
11630 123163.4
11640 110547.5
11650 109504.0
11660 121172.9
11670 119033.7
11680 118921.9
11690 109892.0
11700 112932.6
11710 110357.4
11720 118076.8
11730 114108.1
11740 120316.9
11750 111868.1
11760 116829.6
11770 107723.6
11780 121813.5
11790 124246.4
11800 122307.6
11810 120347.1
11820 119598.1
11830 110488.7
11840 119337.6
11850 118102.3
11860 120850.2
11870 120065.3
11880 116396.1
11890 130003.5
11900 124883.4
11910 119124.3
11920 110087.4
11930 113434.3
11940 122072.6
11950 127705.8
11960 119966.0
11970 116701.9
11980 112192.4
11990 118473.4
12000 113318.4
12010 115496.6
12020 123357.8
12030 122835.9
12040 113920.3
12050 119917.5
12060 118933.7
12070 116692.6
12080 125238.7
12090 118716.3
12100 114840.7
12110 124440.4
12120 122615.9
12130 129178.4
12140 127706.1
12150 125547.2
12160 124486.4
12170 122027.9
12180 123604.8
12190 131756.8
12200 116731.8
12210 120755.3
12220 122514.2
12230 111660.8
12240 121144.4
12250 119235.7
12260 120325.4
12270 124160.5
12280 115652.7
12290 124963.0
12300 124632.9
12310 121055.9
12320 118942.6
12330 114079.2
12340 124931.5
12350 117662.9
12360 125159.0
12370 127727.6
12380 121147.4
12390 120262.7
12400 120042.0
12410 123153.0
12420 117924.7
12430 124688.4
12440 130229.6
12450 126387.8
12460 126131.9
12470 117447.1
12480 130193.1
12490 122745.5
12500 125700.1
12510 123910.3
12520 122348.4
12530 127427.0
12540 125672.0
12550 126099.1
12560 126005.8
12570 120575.6
12580 129422.4
12590 125649.3
12600 118337.7
12610 138505.5
12620 123920.3
12630 124891.7
12640 128728.0
12650 124803.5
12660 131452.4
12670 129738.4
12680 130021.5
12690 124708.2
12700 123390.4
12710 129251.6
12720 130937.2
12730 120146.8
12740 127182.1
12750 126544.0
12760 124456.0
12770 130934.7
12780 125465.5
12790 120865.3
12800 135481.2
12810 122463.6
12820 135094.2
12830 131073.1
12840 135809.5
12850 134192.0
12860 128231.6
12870 124104.1
12880 127713.1
12890 128297.6
12900 117638.2
12910 129944.9
12920 132274.2
12930 135361.2
12940 130488.4
12950 128489.0
12960 133367.9
12970 129605.9
12980 122696.4
12990 126949.9
13000 127741.5
13010 125408.8
13020 134880.1
13030 121337.0
13040 141587.5
13050 128907.3
13060 129176.3
13070 130108.9
13080 133454.7
13090 136695.4
13100 126377.8
13110 135229.0
13120 127751.2
13130 131899.0
13140 131787.5
13150 135866.9
13160 129623.6
13170 131450.3
13180 129443.8
13190 140822.9
13200 136623.0
13210 123550.9
13220 130304.3
13230 127016.3
13240 135710.2
13250 148107.1
13260 126786.2
13270 132488.0
13280 138905.0
13290 135607.1
13300 129960.3
13310 131706.8
13320 134604.3
13330 142899.2
13340 126932.4
13350 132209.4
13360 141899.7
13370 138122.1
13380 130170.8
13390 130749.8
13400 134282.7
13410 131201.1
13420 135140.8
13430 133901.8
13440 140014.0
13450 132709.2
13460 131482.2
13470 139611.5
13480 147881.2
13490 143135.6
13500 147131.0
13510 135502.5
13520 140494.8
13530 139080.9
13540 129775.8
13550 142759.8
13560 134543.1
13570 141966.9
13580 135403.5
13590 133584.8
13600 145400.5
13610 128457.4
13620 134347.8
13630 133950.9
13640 131855.6
13650 138204.2
13660 145691.5
13670 134281.9
13680 139738.8
13690 126670.6
13700 141698.3
13710 138515.2
13720 142706.6
13730 135016.7
13740 140940.4
13750 141575.1
13760 133606.2
13770 138385.3
13780 142834.1
13790 132701.6
13800 148373.6
13810 136245.7
13820 140438.1
13830 132628.9
13840 138045.5
13850 143633.3
13860 146732.5
13870 142750.3
13880 142955.3
13890 138539.3
13900 137821.2
13910 139811.9
13920 131292.2
13930 157115.9
13940 147276.2
13950 142227.8
13960 134937.8
13970 133826.3
13980 135516.3
13990 148498.5
14000 147628.5
14010 139594.2
14020 137579.2
14030 154951.5
14040 143081.4
14050 140437.2
14060 140201.3
14070 139725.1
14080 145454.5
14090 139218.0
14100 138823.1
14110 146452.8
14120 137765.2
14130 139796.8
14140 141443.6
14150 134605.3
14160 144088.8
14170 148054.7
14180 152833.3
14190 148010.8
14200 144536.3
14210 143395.2
14220 143658.7
14230 140711.7
14240 139716.8
14250 142404.5
14260 149414.2
14270 147217.4
14280 143059.3
14290 140140.5
14300 142967.5
14310 142221.8
14320 141439.4
14330 138095.9
14340 143239.5
14350 142856.4
14360 143754.4
14370 146264.1
14380 143387.2
14390 143784.4
14400 140681.6
14410 146558.9
14420 147739.9
14430 139462.9
14440 147312.0
14450 135297.2
14460 145232.5
14470 140641.4
14480 139028.0
14490 150385.5
14500 152169.1
14510 136764.6
14520 148383.3
14530 145192.5
14540 153372.9
14550 152933.2
14560 149748.0
14570 146389.7
14580 140359.1
14590 152366.6
14600 145581.2
14610 141354.0
14620 152249.8
14630 140519.9
14640 143802.4
14650 152337.6
14660 142113.0
14670 150663.2
14680 149612.2
14690 146666.4
14700 159617.0
14710 137988.8
14720 159883.7
14730 146872.8
14740 150653.2
14750 147737.9
14760 153242.7
14770 151061.8
14780 155657.5
14790 150071.5
14800 152450.2
14810 143137.9
14820 147178.0
14830 144119.1
14840 154581.9
14850 147061.0
14860 149802.1
14870 142706.8
14880 148240.2
14890 152730.0
14900 155254.3
14910 151886.9
14920 157337.3
14930 147512.0
14940 142104.1
14950 167482.1
14960 147652.3
14970 148114.0
14980 158951.5
14990 156097.7
15000 149178.1
15010 159632.2
15020 146956.3
15030 145756.9
15040 157819.7
15050 143750.3
15060 160085.1
15070 150509.1
15080 157482.4
15090 144695.9
15100 156280.7
15110 158240.5
15120 161191.2
15130 148472.8
15140 158664.7
15150 169954.2
15160 155173.5
15170 159809.6
15180 160865.5
15190 152266.4
15200 158316.9
15210 157612.6
15220 155080.2
15230 151427.4
15240 168080.9
15250 158031.1
15260 161019.1
15270 153081.3
15280 155138.4
15290 158862.6
15300 151742.7
15310 172422.6
15320 159935.5
15330 159711.0
15340 154498.8
15350 152784.9
15360 154832.7
15370 160197.0
15380 163869.9
15390 164167.5
15400 157350.1
15410 150453.4
15420 152636.1
15430 156402.9
15440 155163.0
15450 158869.6
15460 152455.4
15470 156376.8
15480 165936.7
15490 165079.2
15500 156061.7
15510 162494.7
15520 167690.8
15530 152999.4
15540 165008.6
15550 159119.5
15560 156119.4
15570 151785.0
15580 156978.8
15590 154013.3
15600 170266.4
15610 159394.2
15620 154034.2
15630 159051.3
15640 158949.6
15650 162403.3
15660 151039.3
15670 157080.0
15680 161177.8
15690 165568.3
15700 169115.7
15710 162686.4
15720 174244.5
15730 158433.8
15740 155018.4
15750 157402.7
15760 164369.8
15770 158826.6
15780 165302.1
15790 148313.5
15800 154299.6
15810 178447.3
15820 168169.8
15830 172480.2
15840 161729.1
15850 161607.9
15860 155208.6
15870 156935.5
15880 167892.2
15890 162939.6
15900 157941.0
15910 151921.8
15920 159485.5
15930 163153.8
15940 169693.7
15950 171769.1
15960 161093.8
15970 162134.8
15980 177538.4
15990 177909.0
16000 169442.8
16010 159640.0
16020 165767.6
16030 164382.0
16040 173849.7
16050 166973.9
16060 163963.2
16070 167998.3
16080 161546.9
16090 162617.2
16100 160315.5
16110 178898.0
16120 167410.5
16130 179930.7
16140 166265.1
16150 162954.5
16160 163492.9
16170 173901.2
16180 166995.2
16190 157633.8
16200 161518.2
16210 154798.9
16220 153189.8
16230 165158.5
16240 149795.4
16250 153058.7
16260 162673.7
16270 168269.0
16280 174497.3
16290 177522.2
16300 163026.8
16310 166477.7
16320 171560.6
16330 163574.4
16340 176180.5
16350 174284.4
16360 167592.8
16370 160547.7
16380 170835.7
16390 177298.8
16400 182765.6
16410 163057.8
16420 168841.5
16430 156707.4
16440 175261.4
16450 166708.2
16460 164886.6
16470 156873.2
16480 161748.6
16490 160664.6
16500 171454.6
16510 177484.4
16520 165006.4
16530 163189.2
16540 169353.0
16550 168855.6
16560 177491.8
16570 167924.2
16580 169069.8
16590 158285.9
16600 162389.0
16610 160197.9
16620 168358.4
16630 167250.8
16640 172259.9
16650 169566.2
16660 174508.1
16670 185289.1
16680 177572.7
16690 153500.0
16700 168595.1
16710 164071.0
16720 176318.5
16730 179176.7
16740 171468.9
16750 183575.3
16760 173425.5
16770 173418.1
16780 160570.5
16790 165811.5
16800 168841.6
16810 158070.8
16820 171919.7
16830 170362.6
16840 172248.6
16850 160581.6
16860 165019.5
16870 167072.8
16880 200609.3
16890 170112.2
16900 187753.2
16910 169968.0
16920 177053.2
16930 162708.5
16940 173001.1
16950 185541.7
16960 165192.1
16970 167955.6
16980 182495.1
16990 172294.9
17000 180261.2
17010 170671.8
17020 172078.9
17030 173563.8
17040 165639.0
17050 187171.6
17060 172587.7
17070 176712.3
17080 169424.1
17090 173851.7
17100 180467.3
17110 185794.8
17120 181899.4
17130 165685.7
17140 178444.0
17150 181895.9
17160 176941.6
17170 173317.6
17180 171045.8
17190 185276.2
17200 179150.9
17210 181361.9
17220 182743.0
17230 184241.1
17240 185051.6
17250 183614.3
17260 184259.5
17270 175734.2
17280 181638.5
17290 177401.7
17300 180606.1
17310 175175.4
17320 166628.3
17330 170119.8
17340 185287.1
17350 186469.0
17360 172574.9
17370 185932.6
17380 169692.1
17390 176828.7
17400 169828.1
17410 177475.5
17420 175545.1
17430 175136.8
17440 189410.6
17450 194022.2
17460 180475.4
17470 179768.4
17480 182389.4
17490 178818.9
17500 172730.4
17510 184273.3
17520 169739.1
17530 179963.9
17540 195796.7
17550 195750.7
17560 176362.7
17570 188403.5
17580 175040.5
17590 182171.9
17600 184176.6
17610 185783.2
17620 183775.6
17630 177452.9
17640 188291.8
17650 171962.7
17660 193740.9
17670 191724.9
17680 186635.4
17690 173687.1
17700 176702.9
17710 203678.2
17720 183234.2
17730 182382.7
17740 194778.5
17750 187132.4
17760 193561.8
17770 179023.2
17780 193089.2
17790 185096.7
17800 198501.1
17810 190739.9
17820 182219.2
17830 181712.4
17840 195988.5
17850 187629.0
17860 179471.2
17870 178643.2
17880 184055.9
17890 180139.6
17900 183513.2
17910 181159.7
17920 176479.8
17930 186614.6
17940 184320.9
17950 188647.0
17960 183412.8
17970 182507.2
17980 185524.0
17990 184809.5
18000 191642.3
18010 186936.3
18020 199011.9
18030 171903.2
18040 184505.0
18050 186985.6
18060 187860.0
18070 188546.8
18080 198027.0
18090 187194.4
18100 182245.0
18110 189395.6
18120 193411.8
18130 182214.4
18140 188407.2
18150 187214.8
18160 179860.8
18170 183451.1
18180 184714.9
18190 199715.4
18200 202985.9
18210 181237.7
18220 191759.0
18230 190174.1
18240 189100.5
18250 185088.4
18260 186313.9
18270 191330.0
18280 191887.7
18290 185529.1
18300 186109.7
18310 191463.6
18320 177636.5
18330 196482.4
18340 187023.3
18350 180505.3
18360 188966.7
18370 198430.0
18380 182606.3
18390 198946.3
18400 197817.9
18410 199098.9
18420 189603.1
18430 194546.3
18440 192066.9
18450 184335.2
18460 180365.3
18470 199728.8
18480 196834.2
18490 191704.0
18500 195489.1
18510 187409.0
18520 190247.8
18530 200278.6
18540 195096.7
18550 195288.3
18560 194999.9
18570 199887.9
18580 207742.1
18590 195661.3
18600 189129.6
18610 190330.7
18620 188932.1
18630 194992.8
18640 194707.5
18650 200529.9
18660 196105.4
18670 186803.4
18680 196299.9
18690 206124.1
18700 191419.2
18710 198837.8
18720 180926.4
18730 202844.9
18740 194164.9
18750 191460.3
18760 211113.1
18770 184723.5
18780 192868.9
18790 197558.3
18800 194661.4
18810 194513.6
18820 210425.9
18830 184057.8
18840 196536.1
18850 208429.4
18860 199564.0
18870 213099.5
18880 205960.8
18890 197672.2
18900 189793.8
18910 203297.5
18920 202288.9
18930 191291.2
18940 196323.7
18950 193618.3
18960 208131.4
18970 224742.4
18980 212571.5
18990 204097.1
19000 194825.3
19010 194233.5
19020 194392.0
19030 204748.1
19040 195038.6
19050 203592.4
19060 200481.1
19070 190489.4
19080 201837.0
19090 210402.9
19100 196644.4
19110 192287.1
19120 199365.3
19130 199863.0
19140 186122.1
19150 211755.2
19160 191126.7
19170 204647.7
19180 199240.7
19190 190167.0
19200 190613.4
19210 190594.3
19220 196536.8
19230 192878.4
19240 189915.9
19250 201360.9
19260 210099.3
19270 209141.8
19280 190466.6
19290 209773.3
19300 200452.7
19310 201767.1
19320 209970.9
19330 193357.0
19340 207882.2
19350 196239.0
19360 202169.7
19370 199098.9
19380 200245.7
19390 197103.6
19400 194527.3
19410 205568.7
19420 206290.8
19430 201953.1
19440 200703.9
19450 205836.4
19460 202212.8
19470 198534.2
19480 191673.3
19490 222196.0
19500 205384.0
19510 193751.0
19520 219222.5
19530 203465.9
19540 190381.4
19550 208699.3
19560 192913.5
19570 197831.7
19580 186703.0
19590 205943.6
19600 219767.8
19610 202252.9
19620 210410.5
19630 199657.6
19640 201921.1
19650 212927.1
19660 213951.2
19670 214631.6
19680 209992.5
19690 197366.0
19700 208728.0
19710 195147.0
19720 213959.2
19730 236814.0
19740 210370.5
19750 205327.1
19760 207335.8
19770 204074.0
19780 216987.5
19790 202036.5
19800 215084.4
19810 213408.1
19820 211526.2
19830 213448.9
19840 197931.1
19850 202096.3
19860 193907.8
19870 196058.0
19880 204098.5
19890 216191.1
19900 200455.3
19910 205459.8
19920 230417.4
19930 199720.7
19940 205034.1
19950 216679.1
19960 206750.3
19970 208892.9
19980 195319.5
19990 211833.2
20000 215007.5
20010 217497.2
20020 217421.4
20030 213733.8
20040 209631.1
20050 201322.4
20060 203714.9
20070 204507.8
20080 230202.3
20090 217728.0
20100 231349.1
20110 212353.7
20120 202702.0
20130 217003.0
20140 226771.0
20150 225035.1
20160 200788.9
20170 212576.4
20180 219056.8
20190 209794.8
20200 207179.6
20210 218176.1
20220 212445.6
20230 208378.2
20240 217234.4
20250 210575.8
20260 194899.6
20270 214583.2
20280 202445.7
20290 200457.2
20300 218686.2
20310 224449.9
20320 213989.1
20330 218557.3
20340 216489.5
20350 217246.3
20360 219900.0
20370 215122.9
20380 201142.0
20390 219975.5
20400 210582.6
20410 211496.1
20420 212553.1
20430 216297.5
20440 221037.6
20450 210705.3
20460 208945.3
20470 208354.3
20480 212639.8
20490 220441.3
20500 218147.2
20510 201738.8
20520 208976.7
20530 215257.7
20540 196889.7
20550 217822.9
20560 220671.9
20570 206878.9
20580 203294.2
20590 206950.4
20600 224803.7
20610 223090.7
20620 215442.0
20630 204891.9
20640 233322.3
20650 215839.4
20660 222460.0
20670 211381.7
20680 218714.9
20690 214860.1
20700 239348.9
20710 214594.0
20720 213268.9
20730 225343.7
20740 220622.0
20750 214687.7
20760 208301.8
20770 219444.5
20780 210601.3
20790 210746.6
20800 222550.5
20810 217328.2
20820 213159.0
20830 214673.6
20840 230138.2
20850 217691.1
20860 223574.6
20870 220326.1
20880 232593.6
20890 206878.3
20900 220166.8
20910 214260.6
20920 230010.8
20930 204520.9
20940 214207.8
20950 208411.4
20960 217245.9
20970 219040.6
20980 217974.1
20990 226659.3
21000 202888.7
21010 215679.3
21020 231697.4
21030 205987.5
21040 227038.4
21050 213470.6
21060 206511.7
21070 221539.7
21080 221845.0
21090 215151.4
21100 241823.3
21110 227629.6
21120 225850.7
21130 216776.7
21140 232398.2
21150 230122.6
21160 239216.5
21170 224665.8
21180 222990.4
21190 218909.6
21200 223586.1
21210 225480.5
21220 228381.0
21230 223080.9
21240 209713.1
21250 232555.9
21260 219845.6
21270 207298.9
21280 225607.3
21290 221665.3
21300 231903.7
21310 214096.2
21320 224574.6
21330 248324.4
21340 221812.9
21350 227772.7
21360 216304.5
21370 210514.7
21380 223834.6
21390 226425.2
21400 214711.8
21410 216005.8
21420 239479.6
21430 242702.6
21440 218187.5
21450 221581.6
21460 223120.6
21470 221715.4
21480 213573.8
21490 236837.7
21500 225068.3
21510 226688.5
21520 230775.3
21530 230850.3
21540 233234.8
21550 239053.3
21560 228419.2
21570 222300.7
21580 222430.1
21590 222078.1
21600 242321.0
21610 226502.6
21620 221894.3
21630 222334.8
21640 240794.3
21650 226994.2
21660 225110.1
21670 230420.8
21680 226629.8
21690 216033.0
21700 243713.1
21710 217168.3
21720 227652.9
21730 228234.8
21740 242853.9
21750 243490.4
21760 234887.5
21770 216790.3
21780 240120.7
21790 228941.2
21800 208967.9
21810 232461.0
21820 239025.9
21830 233460.6
21840 241694.3
21850 228207.4
21860 217151.6
21870 227942.6
21880 237935.3
21890 216344.6
21900 234656.3
21910 235977.8
21920 233060.7
21930 217647.1
21940 234753.0
21950 224143.1
21960 233758.2
21970 222346.1
21980 240310.9
21990 230346.8
22000 236933.5
22010 239988.8
22020 237655.0
22030 241184.4
22040 229245.6
22050 228810.9
22060 234990.6
22070 234251.5
22080 234286.1
22090 248449.5
22100 229080.6
22110 235077.4
22120 241852.9
22130 219386.9
22140 228767.5
22150 249836.1
22160 250102.0
22170 239313.5
22180 248545.2
22190 223804.4
22200 243782.9
22210 230228.1
22220 248909.2
22230 232982.5
22240 240506.2
22250 238942.2
22260 228907.6
22270 224959.0
22280 234845.0
22290 216777.1
22300 222751.8
22310 238066.3
22320 233570.7
22330 233560.9
22340 247572.4
22350 230799.2
22360 236835.8
22370 243278.1
22380 238894.3
22390 233861.1
22400 242653.2
22410 228354.9
22420 233151.7
22430 243996.9
22440 242404.2
22450 252036.4
22460 242246.5
22470 248238.2
22480 243766.9
22490 251752.5
22500 244712.4
22510 235806.0
22520 235184.5
22530 246599.4
22540 237792.8
22550 226653.1
22560 236019.6
22570 233679.6
22580 246978.1
22590 264040.4
22600 234969.9
22610 248587.7
22620 239966.7
22630 245634.6
22640 240489.8
22650 230683.7
22660 233264.8
22670 240742.2
22680 242941.1
22690 234951.1
22700 244227.6
22710 239690.9
22720 231404.4
22730 230131.7
22740 253148.7
22750 243627.0
22760 229745.6
22770 229535.0
22780 253752.8
22790 248149.9
22800 242826.5
22810 239168.2
22820 251194.0
22830 226096.0
22840 251518.8
22850 233534.1
22860 234499.4
22870 230285.0
22880 232967.3
22890 234183.3
22900 246526.7
22910 233075.1
22920 247027.9
22930 233285.8
22940 251159.0
22950 256052.1
22960 243662.5
22970 242106.5
22980 261799.5
22990 249853.8
23000 254907.3
23010 240354.2
23020 235604.4
23030 248336.7
23040 241471.5
23050 241964.5
23060 236041.3
23070 231777.8
23080 247178.7
23090 236316.0
23100 245588.8
23110 243959.9
23120 252433.0
23130 249903.4
23140 231242.9
23150 268899.5
23160 258321.6
23170 239174.0
23180 251497.8
23190 238623.6
23200 237091.6
23210 246343.6
23220 250325.3
23230 244180.1
23240 251128.1
23250 239152.3
23260 244256.5
23270 240962.4
23280 241250.8
23290 259996.8
23300 236652.5
23310 249398.0
23320 256172.7
23330 259474.1
23340 232005.4
23350 246908.6
23360 235012.5
23370 259499.1
23380 243940.4
23390 250520.1
23400 247363.2
23410 260874.8
23420 235840.1
23430 243303.9
23440 234733.1
23450 248198.9
23460 245545.9
23470 261555.6
23480 249235.6
23490 247503.5
23500 230317.9
23510 246892.0
23520 247148.2
23530 270374.6
23540 246686.1
23550 246521.7
23560 257416.0
23570 275358.1
23580 250419.9
23590 244412.2
23600 265279.5
23610 248535.3
23620 238217.9
23630 234994.8
23640 254045.1
23650 246399.1
23660 256937.1
23670 251725.2
23680 259248.2
23690 255903.8
23700 260137.0
23710 257531.6
23720 252978.5
23730 252529.7
23740 260472.8
23750 243352.1
23760 253549.9
23770 253086.2
23780 249337.5
23790 274856.4
23800 241733.6
23810 251412.0
23820 241319.7
23830 242148.7
23840 260817.0
23850 269316.9
23860 246537.5
23870 255085.9
23880 251819.4
23890 266102.1
23900 238485.5
23910 244610.1
23920 249174.4
23930 271134.4
23940 252672.9
23950 233734.8
23960 247747.9
23970 265450.8
23980 263638.2
