50 447.22
100 964.18
150 1787.1
200 2665.1
250 3361.58
300 4121.52
350 5068.2
400 5842.6
450 6669.44
500 7608.7
550 8508.18
600 9700.4
650 10085.78
700 11498.58
750 12716.42
800 12787.3
850 14370.04
900 14319.36
950 16289.52
1000 18075.84
1050 19415.62
1100 18851.74
1150 19410.42
1200 21663.78
1250 22787.14
1300 23976.88
1350 25163.36
1400 26410.9
1450 26223.9
1500 27422.3
1550 27168.58
1600 29055.48
1650 30579.56
1700 32403.74
1750 32917.6
1800 33894.86
1850 35831.5
1900 37457.1
1950 37459.42
2000 37759.24
2050 40280.48
2100 39559.42
2150 42906.06
2200 42168.58
2250 43160.86
2300 43880.58
2350 45304.06
2400 47896.12
2450 45943.06
2500 48815.62
2550 51241.28
2600 52911.9
2650 53820.1
2700 54558.56
2750 53788.1
2800 55433.12
2850 54896.48
2900 58738.96
2950 58588.18
3000 61846.52
3050 60831.54
3100 64609.44
3150 63724.72
3200 67665.58
3250 65526.08
3300 65437.22
3350 70105.84
3400 72158.7
3450 69067.72
3500 68019.46
3550 73618.32
3600 74863.82
3650 77093.46
3700 77964.7
3750 79716.32
3800 80311.4
3850 78624.04
3900 85758.24
3950 84815.48
4000 83852.28
4050 85516.96
4100 87718.82
4150 84261.72
4200 90623.38
4250 89913.8
4300 93889.74
4350 95387.08
4400 95350.32
4450 94921.28
4500 96001.9
4550 100090.1
4600 100413.24
4650 100614.2
4700 101718.92
4750 100313.16
4800 102629.32
4850 103155.28
4900 105351.12
4950 108832.36
5000 104661.6
