1 0.0
2 0.0
3 1.0
4 1.0
5 1.0
6 1.0
7 1.0
8 1.0
9 4.0
10 1.0
11 16.0
12 17.0
13 27.0
14 40.0
15 21.0
16 23.0
17 51.0
18 46.0
19 41.0
20 32.0
21 50.0
22 79.0
23 56.0
24 77.0
25 70.0
26 94.0
27 79.0
28 51.0
29 96.0
30 77.0
31 102.0
32 72.0
33 57.0
34 70.0
35 109.0
36 121.0
37 107.0
38 118.0
39 105.0
40 176.0
41 162.0
42 107.0
43 163.0
44 106.0
45 119.0
46 144.0
47 124.0
48 112.0
49 203.0
50 155.0
51 117.0
52 129.0
53 129.0
54 168.0
55 135.0
56 163.0
57 174.0
58 168.0
59 128.0
60 175.0
61 127.0
62 153.0
63 140.0
64 125.0
65 154.0
66 221.0
67 245.0
68 168.0
69 152.0
70 148.0
71 152.0
72 142.0
73 142.0
74 171.0
75 190.0
76 179.0
77 178.0
78 206.0
79 159.0
80 172.0
81 177.0
82 165.0
83 272.0
84 198.0
85 170.0
86 208.0
87 198.0
88 208.0
89 206.0
90 204.0
91 262.0
92 213.0
93 261.0
94 214.0
95 173.0
96 228.0
97 261.0
98 155.0
99 188.0
100 278.0
