5 2002.6
6 2045.7
7 2646.5
8 2702.4
9 2635.3
10 2865.9
11 3044.8
12 3024.7
13 3184.5
14 3372.1
15 3338.0
16 3567.7
17 3460.1
18 3657.8
19 3717.1
20 3925.1
21 3886.4
22 3883.9
23 4288.1
24 4178.3
25 4329.0
26 4492.6
27 4373.9
28 4473.2
29 4754.1
30 4447.5
31 4861.4
32 4967.6
33 5041.3
34 5077.3
35 5160.8
36 5244.7
37 5577.5
38 5548.9
39 5345.2
40 5952.0
41 5853.7
42 6022.7
43 5902.7
44 5955.2
45 6198.9
46 6434.8
47 6770.0
48 6633.0
49 6663.2
50 6639.9
51 6773.4
52 7227.8
53 7137.2
54 7303.7
55 7366.5
56 7614.1
57 7508.7
58 7732.2
59 7900.2
60 8140.7
61 8168.2
62 8100.6
63 8604.4
64 8361.5
65 8579.0
66 8619.3
67 8989.3
68 9161.0
69 9294.3
70 9446.6
71 9315.5
72 9622.7
73 9278.3
74 9390.6
75 9859.5
76 9926.1
77 10186.3
78 9984.1
79 10369.6
80 10387.0
81 10377.1
82 10691.0
83 10595.2
84 10548.4
85 11392.6
86 11169.1
87 11449.6
88 11835.7
89 11429.8
90 11593.7
91 11801.3
92 11856.3
93 12304.4
94 12516.9
95 12426.8
96 12809.3
97 12506.7
98 12772.5
99 12690.5
100 13371.3
