5 1532.0
6 2202.0
7 1920.0
8 2239.0
9 2381.0
10 2392.0
11 2584.0
12 2812.0
13 1848.0
14 3005.0
15 2941.0
16 3257.0
17 3015.0
18 3014.0
19 3512.0
20 2978.0
21 3640.0
22 3410.0
23 3587.0
24 3834.0
25 3837.0
26 3814.0
27 4187.0
28 4271.0
29 4132.0
30 4919.0
31 4592.0
32 4707.0
33 4870.0
34 4755.0
35 4643.0
36 4660.0
37 5488.0
38 5048.0
39 5612.0
40 6106.0
41 5573.0
42 5681.0
43 5562.0
44 6054.0
45 6279.0
46 7149.0
47 5600.0
48 7527.0
49 6360.0
50 6865.0
51 6205.0
52 7075.0
53 7235.0
54 6761.0
55 7141.0
56 7305.0
57 7847.0
58 8235.0
59 8191.0
60 7733.0
61 7456.0
62 7410.0
63 7789.0
64 8833.0
65 8123.0
66 8005.0
67 8356.0
68 8278.0
69 9064.0
70 8631.0
71 8300.0
72 9341.0
73 10520.0
74 9967.0
75 9032.0
76 9712.0
77 10504.0
78 10109.0
79 10428.0
80 10288.0
81 10225.0
82 10021.0
83 10632.0
84 10939.0
85 9871.0
86 10481.0
87 12183.0
88 10902.0
89 11321.0
90 10824.0
91 11380.0
92 11256.0
93 12423.0
94 10701.0
95 13385.0
96 12567.0
97 12676.0
98 12220.0
99 11851.0
100 14139.0
