1000 16905.54
2000 36933.2
3000 60301.86
4000 83851.06
5000 107363.18
6000 127608.24
7000 149793.78
8000 174186.22
9000 208384.62
10000 232757.5
11000 257257.1
12000 281005.52
13000 321875.58
14000 333788.38
15000 364585.32
16000 397382.1
17000 413985.44
18000 438666.3
19000 456305.6
20000 501543.24
21000 514020.26
22000 550533.04
23000 593032.48
24000 605837.96
25000 643647.28
26000 658227.32
27000 687270.62
28000 742830.06
29000 747407.2
30000 777126.48
31000 843875.32
32000 826296.78
33000 877598.6
34000 896775.34
35000 937323.5
36000 936515.1
37000 970795.0
38000 1052027.9
39000 1052980.7
40000 1039171.96
41000 1090772.46
42000 1142611.44
43000 1174981.8
44000 1179966.26
45000 1217275.18
46000 1276762.46
47000 1249711.34
48000 1332428.46
49000 1370218.48
50000 1431577.44
51000 1380841.16
52000 1459382.68
53000 1468560.06
54000 1539866.84
55000 1529809.86
56000 1555634.32
57000 1593474.42
58000 1629536.74
59000 1646305.5
60000 1711657.78
61000 1693981.62
62000 1729511.16
63000 1759653.32
64000 1726708.84
65000 1805465.68
66000 1870721.46
67000 1955726.42
68000 1888534.74
69000 1977594.7
70000 1928407.3
71000 2045519.64
72000 2043084.74
73000 2104497.88
74000 2111764.52
75000 2130486.84
76000 2227509.86
77000 2219004.5
78000 2244837.6
79000 2251057.28
80000 2273128.46
81000 2354577.62
82000 2310802.58
83000 2369655.62
84000 2403398.74
85000 2505103.52
86000 2501984.92
87000 2509198.52
88000 2604916.64
89000 2524262.78
90000 2637603.12
91000 2678239.74
92000 2652067.72
93000 2642087.34
94000 2717596.5
95000 2917761.2
96000 2765289.98
97000 2783754.22
98000 2913115.62
99000 2917614.2
100000 2929452.22
