5 1482.0
6 1796.5
7 1756.0
8 2110.5
9 2333.9
10 2483.3
11 2570.0
12 2385.5
13 2749.4
14 2833.9
15 2985.9
16 3032.9
17 3288.4
18 3252.4
19 3140.7
20 3525.5
21 3565.6
22 3707.1
23 3786.0
24 4061.6
25 4077.2
26 4075.7
27 4081.3
28 4394.2
29 4356.2
30 4352.6
31 4389.4
32 4634.7
33 4595.2
34 4786.6
35 4804.3
36 4735.6
37 4936.6
38 5204.6
39 5225.3
40 5173.1
41 5338.9
42 5450.1
43 5593.9
44 5485.1
45 5680.1
46 6199.1
47 5923.7
48 6089.8
49 5896.1
50 6268.3
51 6419.7
52 6533.2
53 6706.2
54 6703.1
55 6848.1
56 7007.9
57 7062.9
58 7161.4
59 7191.1
60 7362.4
61 7306.4
62 7525.1
63 7693.5
64 8014.2
65 8057.2
66 7857.6
67 8252.1
68 8558.7
69 8338.9
70 8677.8
71 8485.6
72 8627.2
73 8854.0
74 8967.4
75 8973.9
76 9318.6
77 9637.2
78 9149.0
79 9547.1
80 9374.2
81 9660.3
82 9947.3
83 10020.8
84 9905.3
85 10018.3
86 10639.7
87 10584.5
88 10348.6
89 11206.7
90 10667.1
91 10497.2
92 11129.9
93 10958.6
94 11460.1
95 11277.1
96 11378.1
97 11754.7
98 11794.1
99 12018.7
100 12555.0
